00000000
00000000
00000000
00000000
00000000
00000000
00000000
00000000
00000000
00000000
00000000
00000000
00000000
00000000
00000000
00000000
00000000
00000000
00000000
00000000
00000000
00000000
00000000
00000000
00000000
00000000
00000000
00000000
00000000
00000000
00000000
00000000
00000000
00000000
00000000
00000000
00000000
00000000
00000000
00000000
00000000
00000000
00000000
00000000
00000000
00000000
00000000
00000000
00000000
00000000
00000000
00000000
00000000
00000000
00000000
00000000
00000000
00000000
00000000
00000000
00000000
00000000
00000000
00000000
00000000
00000000
00000000
00000000
00000000
00000000
00000000
00000000
00000000
00000000
00000011
00001001
00001101
00001110
00001010
00000100
00000001
00000000
00000000
00000000
00000000
00000000
00000000
00000000
00000000
00000000
00000000
00000000
00000000
00000000
00000000
00000000
00000000
00000000
00001001
00010111
00100001
00101000
00100110
00100001
00011010
00010100
00010001
00001111
00001111
00001111
00001111
00001111
00001110
00001010
00000011
00000000
00000000
00000000
00000000
00000000
00000000
00000000
00000111
00010010
00011101
00101001
00110011
00111000
00111010
00110110
00110010
00101110
00101101
00101101
00101101
00101101
00101100
00100101
00010111
00001001
00000001
00000000
00000000
00000000
00000000
00000000
11111110
11111010
11111110
00000110
00010110
00011111
00101010
00101111
00110000
00110001
00101111
00110001
00101110
00110011
00111011
00111000
00101100
00011001
00001001
00000001
00000000
00000000
00000000
00000000
11110101
11101010
11100011
11100110
11101111
11110100
11111011
00000001
00000110
00001001
00001001
00001010
00001100
00010111
00100101
00101010
00101001
00011110
00001111
00000101
00000000
00000000
00000000
00000000
11111000
11101101
11101010
11100111
11100111
11100011
11100001
11100011
11100101
11100111
11100111
11101000
11110100
00000001
00000110
00001101
00010110
00010111
00001111
00000101
00000000
00000000
00000000
00000000
00000000
11111100
11111011
11111010
11111000
11110100
11101110
11101110
11101100
11101100
11101011
11110000
00000000
00000100
00000001
00000011
00001101
00010000
00001011
00000011
00000000
00000000
00000000
00000000
00000000
00000000
00000000
00000000
00000000
00000000
11111111
11111111
11111111
11111101
11111111
00001000
00010100
00001011
00000001
00000110
00001101
00001111
00000111
00000001
00000000
00000000
00000000
00000000
00000000
00000000
00000000
00000000
00000000
00000000
00000000
00000000
00000000
00000000
00000110
00010011
00010010
00000101
00000000
00001000
00001110
00001100
00000100
00000000
00000000
00000000
00000000
00000000
00000000
00000000
00000000
00000000
00000000
00000000
00000000
00000000
00000000
00000000
00001001
00010001
00001001
11111111
00000100
00001011
00001100
00000110
00000001
00000000
00000000
00000000
00000000
00000000
00000000
00000000
00000000
00000000
00000000
00000000
00000000
00000000
00000000
00000100
00001110
00001011
00000000
00000000
00000111
00001101
00001001
00000010
00000001
00000000
00000000
00000000
00000000
00000000
00000000
00000000
00000000
00000000
00000000
00000000
00000000
00000000
00000010
00001101
00010011
00000111
11111101
00000100
00001100
00001101
00000101
00000001
00000000
00000000
00000000
00000000
00000000
00000000
00000000
00000000
00000000
00000000
00000000
00000000
00000000
00000001
00001001
00010111
00010100
00000101
00000001
00001000
00001110
00001010
00000010
00000000
00000000
00000000
00000000
00000000
00000000
00000000
00000000
00000000
00000000
00000000
00000000
00000000
00000000
00000111
00010100
00011010
00001110
00000001
00000111
00001101
00001101
00000101
00000001
00000000
00000000
00000000
00000000
00000000
00000000
00000000
00000000
00000000
00000000
00000000
00000000
00000000
00000001
00001110
00011010
00010010
00000101
00000010
00001010
00001111
00001001
00000010
00000000
00000000
00000000
00000000
00000000
00000000
00000000
00000000
00000000
00000000
00000000
00000000
00000000
00000001
00001001
00010101
00010010
00000110
11111101
00000110
00001100
00001100
00000101
00000001
00000000
00000000
00000000
00000000
00000000
00000000
00000000
00000000
00000000
00000000
00000000
00000000
00000000
00000101
00010010
00010110
00001100
11111110
00000000
00001000
00001011
00000110
00000010
00000000
00000000
00000000
00000000
00000000
00000000
00000000
00000000
00000000
00000000
00000000
00000000
00000000
00000010
00001101
00011001
00010100
00001011
00000101
00001010
00001011
00000111
00000010
00000001
00000000
00000000
00000000
00000000
00000000
00000000
00000000
00000000
00000000
00000000
00000000
00000000
00000000
00000101
00010010
00010101
00010101
00010000
00010011
00010101
00001100
00000100
00000001
00000000
00000000
00000000
00000000
00000000
00000000
00000000
00000000
00000000
00000000
00000000
00000000
00000000
00000000
00000110
00001110
00001101
00001000
00010000
00011000
00011000
00001111
00000011
00000000
00000000
00000000
00000000
00000000
00000000
00000000
00000000
00000000
00000000
00000000
00000000
00000000
00000000
00000000
00000000
11111010
11110110
11110101
00000111
00010100
00010011
00001100
00000010
00000000
00000000
00000000
00000000
00000000
00000000
00000000
00000000
00000000
