11111111
11111111
11111111
11111111
11111111
11111111
11111111
11111111
11111111
11111111
11111111
11111111
11111111
11111111
11111111
11111111
11111111
11111111
11111111
11111111
11111111
11111111
11111111
11111111
11111111
11111111
11111111
11111111
11111111
11111111
11111111
11111111
11111111
11111111
11111111
11111111
11111111
11111111
11111111
11111111
11111111
11111111
11111111
11111111
11111111
11111111
11111111
11111111
11111111
11111111
11111111
11111111
11111111
11111111
11111111
11111111
11111111
11111111
11111111
11111111
11111111
11111111
11111111
11111111
11111111
11111111
11111111
11111111
11111111
11111111
11111111
11111111
11111111
11111111
00000000
00000010
00000101
00000101
00000101
00000011
00000001
00000000
11111111
11111111
11111111
11111111
11111111
11111111
11111111
11111111
11111111
11111111
11111111
11111111
11111111
11111111
11111111
11111111
00000011
00001110
00010011
00010110
00010100
00010000
00001100
00001001
00001001
00001001
00001001
00001001
00001001
00001001
00001001
00000110
00000011
00000000
00000000
11111111
11111111
11111111
11111111
11111111
00000111
00010110
00011111
00011111
00011000
00010011
00010010
00010011
00010101
00010111
00011001
00011001
00011001
00011000
00011000
00010011
00001001
00000001
11111111
11111111
11111111
11111111
11111111
11111111
00001010
00011011
00011110
00011001
00001100
00001001
00001100
00001110
00010001
00010101
00011000
00011000
00010110
00011000
00011101
00010101
00000101
11111100
11111010
11111100
11111111
11111111
11111111
11111111
00001100
00011001
00011000
00001111
00000011
00000010
00000110
00000101
00000110
00000111
00001001
00001010
00000111
00010001
00011010
00010000
11111100
11101110
11101111
11111000
11111111
11111111
11111111
11111111
00001001
00001111
00001100
00001001
00000101
00000111
00001010
00000110
00000100
00000011
00000011
00000100
00000101
00010111
00100100
00010001
11110110
11100011
11100111
11110111
11111111
11111111
11111111
11111111
00000000
00000011
00000001
00000001
00000010
00000101
00001001
00000101
00000101
00000100
00000011
00000101
00001111
00101010
00110010
00010110
11110001
11100000
11101010
11111001
11111111
11111111
11111111
11111111
11111111
11111111
11111111
11111111
11111111
11111111
00000000
00000000
00000000
00000000
00000000
00001000
00011101
00111001
00110001
00001010
11101001
11100010
11110001
11111101
11111111
11111111
11111111
11111111
11111111
11111111
11111111
11111111
11111111
11111111
11111111
11111111
11111111
11111111
00000001
00010010
00101111
00111011
00100000
11110110
11100001
11101000
11111000
11111110
11111111
11111111
11111111
11111111
11111111
11111111
11111111
11111111
11111111
11111111
11111111
11111111
11111111
11111111
00000110
00100001
00111010
00101111
00000110
11100110
11100010
11110001
11111100
11111111
11111111
11111111
11111111
11111111
11111111
11111111
11111111
11111111
11111111
11111111
11111111
11111111
11111111
00000000
00010001
00110000
00111000
00011100
11110011
11100000
11101010
11111001
11111110
11111111
11111111
11111111
11111111
11111111
11111111
11111111
11111111
11111111
11111111
11111111
11111111
11111111
00000000
00000111
00100000
00111010
00101110
00000100
11100110
11100011
11110100
11111110
11111111
11111111
11111111
11111111
11111111
11111111
11111111
11111111
11111111
11111111
11111111
11111111
11111111
11111111
00000011
00010100
00110000
00111000
00011010
11110011
11100010
11101011
11111010
11111111
11111111
11111111
11111111
11111111
11111111
11111111
11111111
11111111
11111111
11111111
11111111
11111111
11111111
00000001
00001111
00100101
00111010
00101100
00000001
11100110
11100100
11110100
11111110
11111111
11111111
11111111
11111111
11111111
11111111
11111111
11111111
11111111
11111111
11111111
11111111
11111111
11111111
00001000
00011111
00110111
00110110
00010011
11101100
11100001
11101100
11111011
11111111
11111111
11111111
11111111
11111111
11111111
11111111
11111111
11111111
11111111
11111111
11111111
11111111
11111111
00000010
00010110
00110001
00111001
00100011
11110111
11100001
11100110
11110101
11111110
11111111
11111111
11111111
11111111
11111111
11111111
11111111
11111111
11111111
11111111
11111111
11111111
11111111
00000000
00001101
00101000
00111100
00101110
00000110
11100100
11100010
11110000
11111011
11111111
11111111
11111111
11111111
11111111
11111111
11111111
11111111
11111111
11111111
11111111
11111111
11111111
11111111
00000111
00011100
00111100
00111100
00011000
11110000
11100001
11101100
11111001
11111110
11111111
11111111
11111111
11111111
11111111
11111111
11111111
11111111
11111111
11111111
11111111
11111111
11111111
00000001
00010010
00101110
01000100
00110000
00000000
11100110
11100110
11110101
11111110
11111111
11111111
11111111
11111111
11111111
11111111
11111111
11111111
11111111
11111111
11111111
11111111
11111111
11111111
00000101
00011110
00111101
01000001
00011001
11101111
11100001
11101000
11111010
11111111
11111111
11111111
11111111
11111111
11111111
11111111
11111111
11111111
11111111
11111111
11111111
11111111
11111111
11111111
00000111
00100100
00110110
00101101
00000010
11100010
11011111
11101100
11111011
11111111
11111111
11111111
11111111
11111111
11111111
11111111
11111111
11111111
