00000000
00000000
00000000
00000000
00000000
00000000
00000000
00000000
00000000
00000000
00000000
00000000
00000000
00000000
00000000
00000000
00000000
00000000
00000000
00000000
00000000
00000000
00000000
00000000
00000000
00000000
00000000
00000000
00000000
00000000
00000000
00000000
00000000
00000000
00000000
00000000
00000000
00000000
00000000
00000000
00000000
00000000
00000000
00000000
00000000
00000000
00000000
00000000
00000000
00000000
00000000
00000000
00000000
00000000
00000000
00000000
00000000
00000000
00000000
00000000
00000000
00000000
00000000
00000000
00000000
00000000
00000000
00000000
00000000
00000000
00000000
00000000
00000000
00000000
00000011
00001001
00001110
00001111
00001011
00000101
00000010
00000000
00000000
00000000
00000000
00000000
00000000
00000000
00000000
00000000
00000000
00000000
00000000
00000000
00000000
00000000
00000000
00000000
00001010
00011000
00100011
00101011
00101000
00100011
00011100
00010101
00010001
00010000
00010000
00010000
00010000
00010000
00001111
00001010
00000100
00000000
11111111
00000000
00000000
00000000
00000000
00000000
00000111
00010011
00011110
00101100
00110110
00111011
00111101
00111001
00110100
00110000
00101111
00110000
00101110
00101110
00101110
00100111
00011000
00001010
00000001
00000000
00000000
00000000
00000000
00000000
11111110
11111010
11111101
00000110
00010111
00100000
00101100
00110001
00110011
00110011
00110010
00110011
00110000
00110110
00111110
00111011
00101111
00011010
00001010
00000001
00000000
00000000
00000000
00000000
11110101
11101000
11100001
11100100
11101101
11110011
11111010
00000001
00000111
00001010
00001010
00001011
00001110
00011001
00100111
00101100
00101011
00100000
00010000
00000101
00000000
00000000
00000000
00000000
11111000
11101100
11101000
11100101
11100110
11100010
11011111
11100010
11100100
11100110
11100110
11100111
11110100
00000001
00000110
00001101
00010111
00011001
00010000
00000110
00000000
00000000
00000000
00000000
11111111
11111100
11111011
11111010
11111000
11110011
11101101
11101101
11101011
11101011
11101010
11101111
00000000
00000100
00000001
00000010
00001100
00010001
00001100
00000011
00000000
00000000
00000000
00000000
00000000
00000000
00000000
00000000
00000000
00000000
11111111
11111111
11111110
11111101
11111111
00001000
00010101
00001100
00000010
00000111
00001110
00001111
00000111
00000001
00000000
00000000
00000000
00000000
00000000
00000000
00000000
00000000
00000000
00000000
00000000
00000000
00000000
00000000
00000110
00010100
00010011
00000110
00000001
00001001
00010000
00001101
00000100
00000000
00000000
00000000
00000000
00000000
00000000
00000000
00000000
00000000
00000000
00000000
00000000
00000000
00000000
00000001
00001010
00010011
00001001
11111111
00000101
00001100
00001101
00000111
00000010
00000000
00000000
00000000
00000000
00000000
00000000
00000000
00000000
00000000
00000000
00000000
00000000
00000000
00000000
00000101
00001111
00001101
00000000
00000000
00000111
00001101
00001010
00000011
00000001
00000000
00000000
00000000
00000000
00000000
00000000
00000000
00000000
00000000
00000000
00000000
00000000
00000000
00000011
00001110
00010100
00001000
11111101
00000100
00001101
00001101
00000110
00000001
00000000
00000000
00000000
00000000
00000000
00000000
00000000
00000000
00000000
00000000
00000000
00000000
00000000
00000001
00001010
00011000
00010101
00000110
00000001
00001001
00001110
00001010
00000010
00000000
00000000
00000000
00000000
00000000
00000000
00000000
00000000
00000000
00000000
00000000
00000000
00000000
00000000
00001000
00010101
00011011
00001111
00000001
00001000
00001101
00001101
00000110
00000001
00000000
00000000
00000000
00000000
00000000
00000000
00000000
00000000
00000000
00000000
00000000
00000000
00000000
00000010
00001111
00011011
00010011
00000110
00000010
00001011
00001111
00001001
00000010
00000000
00000000
00000000
00000000
00000000
00000000
00000000
00000000
00000000
00000000
00000000
00000000
00000000
00000001
00001010
00010111
00010010
00000110
11111110
00000111
00001101
00001100
00000101
00000001
00000000
00000000
00000000
00000000
00000000
00000000
00000000
00000000
00000000
00000000
00000000
00000000
00000000
00000101
00010011
00011000
00001101
11111110
00000000
00001000
00001100
00000111
00000010
00000000
00000000
00000000
00000000
00000000
00000000
00000000
00000000
00000000
00000000
00000000
00000000
00000000
00000010
00001101
00011010
00010110
00001011
00000101
00001010
00001011
00000111
00000011
00000001
00000000
00000000
00000000
00000000
00000000
00000000
00000000
00000000
00000000
00000000
00000000
00000000
00000000
00000110
00010011
00010111
00010110
00010001
00010100
00010110
00001101
00000100
00000001
00000000
00000000
00000000
00000000
00000000
00000000
00000000
00000000
00000000
00000000
00000000
00000000
00000000
00000000
00000111
00001111
00001110
00001001
00010001
00011001
00011010
00010000
00000011
00000000
00000000
00000000
00000000
00000000
00000000
00000000
00000000
00000000
00000000
00000000
00000000
00000000
00000000
00000000
00000000
11111010
11110110
11110101
00000111
00010101
00010100
00001101
00000010
00000000
00000000
00000000
00000000
00000000
00000000
00000000
00000000
00000000
