11111110
11111110
11111110
11111110
11111110
11111110
11111110
11111110
11111110
11111110
11111110
11111110
11111110
11111110
11111110
11111110
11111110
11111110
11111110
11111110
11111110
11111110
11111110
11111110
11111110
11111110
11111110
11111110
11111110
11111110
11111110
11111110
11111110
11111110
11111110
11111110
11111110
11111110
11111110
11111110
11111110
11111110
11111110
11111110
11111110
11111110
11111110
11111110
11111110
11111110
11111110
11111110
11111110
11111110
11111110
11111110
11111110
11111110
11111110
11111110
11111110
11111110
11111110
11111110
11111110
11111110
11111110
11111110
11111110
11111110
11111110
11111110
11111110
11111110
11111011
11110101
11110010
11110010
11111100
00000010
00000101
00000100
00000000
11111111
11111110
11111110
11111110
11111110
11111110
11111110
11111110
11111110
11111110
11111110
11111110
11111110
11111110
11111110
11110011
11101001
11100010
11101011
11111110
00000010
00000100
00000001
00000000
11111100
11111001
11111001
11111001
11111001
11111011
00000000
00000100
00001000
00000101
00000000
11111110
11111110
11111110
11111110
11110011
11101010
11101011
11110110
00000001
11111111
11111100
11111100
11111110
11111111
11111101
11111101
11111111
11111111
00000000
00000110
00010000
00010110
00010001
00000100
11111110
11111110
11111110
11111110
11110111
11110011
11110111
11111110
00000000
11111110
11111100
11111111
11111111
00000001
00000000
00000000
00000101
11111110
11111010
11111101
00001101
00011101
00010110
00000101
11111110
11111110
11111110
11111110
11111010
11111010
11111110
00000011
00000110
00000101
00000010
00000010
00000001
00000001
00000000
00000000
00000000
11110010
11101011
11110111
00010011
00100100
00010100
00000000
11111110
11111110
11111110
11111110
11111101
11111110
00000010
00000110
00001001
00001001
00001000
00001010
00001010
00001010
00001001
00001001
00000000
11110000
11110000
00001010
00101011
00100111
00001101
00000000
11111110
11111110
11111110
11111110
11111110
11111110
11111111
00000000
00000001
00000010
00000010
00000110
00000111
00001000
00001001
00000011
11110110
11101000
11110111
00011011
00110000
00100010
00001000
00000000
11111110
11111110
11111110
11111110
11111110
11111110
11111110
11111110
11111110
11111110
11111110
11111110
11111111
11111111
11111110
11110001
11100010
11100011
00000001
00100111
00101001
00010100
00000100
11111111
11111110
11111110
11111110
11111110
11111110
11111110
11111110
11111110
11111110
11111110
11111110
11111110
11111110
11111110
11110111
11100110
11011100
11110000
00010110
00101011
00011110
00001000
00000000
11111110
11111110
11111110
11111110
11111110
11111110
11111110
11111110
11111110
11111110
11111110
11111110
11111110
11111110
11111101
11110001
11100000
11100011
00000000
00100101
00100111
00010000
00000100
11111111
11111110
11111110
11111110
11111110
11111110
11111110
11111110
11111110
11111110
11111110
11111110
11111110
11111110
11111110
11111001
11101000
11011101
11101111
00010101
00101011
00011101
00001000
00000001
11111110
11111110
11111110
11111110
11111110
11111110
11111110
11111110
11111110
11111110
11111110
11111110
11111110
11111110
11111011
11101111
11011111
11100011
00000100
00101000
00100111
00001111
00000010
11111111
11111110
11111110
11111110
11111110
11111110
11111110
11111110
11111110
11111110
11111110
11111110
11111110
11111110
11111101
11110011
11100100
11011100
11110101
00011100
00101010
00011011
00000110
00000000
11111110
11111110
11111110
11111110
11111110
11111110
11111110
11111110
11111110
11111110
11111110
11111110
11111110
11111110
11110101
11100111
11011010
11101010
00001111
00101001
00100011
00001101
00000010
11111110
11111110
11111110
11111110
11111110
11111110
11111110
11111110
11111110
11111110
11111110
11111110
11111110
11111110
11111100
11101101
11011111
11100000
00000000
00100110
00101000
00010110
00000101
00000000
11111110
11111110
11111110
11111110
11111110
11111110
11111110
11111110
11111110
11111110
11111110
11111110
11111110
11111101
11110011
11100010
11011101
11110101
00011011
00101001
00011100
00001010
00000010
11111110
11111110
11111110
11111110
11111110
11111110
11111110
11111110
11111110
11111110
11111110
11111110
11111110
11111110
11111000
11101001
11011010
11101000
00001100
00101010
00100101
00010000
00000100
00000000
11111110
11111110
11111110
11111110
11111110
11111110
11111110
11111110
11111110
11111110
11111110
11111110
11111110
11111011
11101111
11011111
11011001
11111001
00011111
00101100
00100001
00001010
00000001
11111110
11111110
11111110
11111110
11111110
11111110
11111110
11111110
11111110
11111110
11111110
11111110
11111110
11111110
11110111
11100111
11011010
11100000
00001000
00100110
00101101
00011010
00000101
11111111
11111110
11111110
11111110
11111110
11111110
11111110
11111110
11111110
11111110
11111110
11111110
11111110
11111110
11111110
11110100
11100010
11011101
11101111
00011001
00101111
00100110
00001100
00000000
11111110
11111110
11111110
11111110
11111110
11111110
11111110
11111110
11111110
11111110
11111110
11111110
11111110
11111110
11111110
11110111
11101110
11110000
00000010
00011011
00100000
00010010
00000011
11111111
11111110
11111110
11111110
11111110
11111110
11111110
11111110
11111110
11111110
