00000001
00000001
00000001
00000001
00000001
00000001
00000001
00000001
00000001
00000001
00000001
00000001
00000001
00000001
00000001
00000001
00000001
00000001
00000001
00000001
00000001
00000001
00000001
00000001
00000001
00000001
00000001
00000001
00000001
00000001
00000001
00000001
00000001
00000001
00000001
00000001
00000001
00000001
00000001
00000001
00000001
00000001
00000001
00000001
00000001
00000001
00000001
00000001
00000001
00000001
00000001
00000001
00000001
00000001
00000001
00000001
00000001
00000001
00000001
00000001
00000001
00000001
00000001
00000001
00000001
00000001
00000001
00000001
00000001
00000001
00000001
00000001
00000001
00000001
00000001
00000001
00000000
11111101
11111000
11110110
11111000
11111011
11111111
00000000
00000001
00000001
00000001
00000001
00000001
00000001
00000001
00000001
00000001
00000001
00000001
00000001
00000001
00000001
00000011
00000010
11111101
11110110
11101010
11101000
11101001
11101100
11110000
11110010
11110100
11110100
11110100
11110100
11110100
11110011
11110101
11110111
11111011
00000000
00000001
00000001
00000001
00000001
00000110
00001000
00000000
11111001
11101101
11101000
11101000
11100111
11101000
11100111
11101000
11101001
11101000
11101000
11101000
11100110
11100110
11101100
11110011
11111100
00000001
00000001
00000001
00000001
00001001
00010000
00001011
00001001
00000000
11111100
11111000
11110010
11110001
11110000
11101111
11110000
11101101
11101111
11101110
11100110
11100001
11100010
11101100
11111010
00000001
00000001
00000001
00000001
00001010
00010110
00011110
00100101
00100101
00100010
00011100
00010000
00001001
00000110
00000011
00000100
00000010
00000110
00000011
11110011
11100101
11011111
11101011
11111011
00000001
00000001
00000001
00000001
00001000
00010011
00011101
00101001
00110000
00110011
00110110
00110100
00110001
00101111
00101101
00101110
00101101
00110010
00101100
00010100
11111110
11110100
11111000
11111110
00000001
00000001
00000001
00000001
00000010
00000110
00001001
00001101
00010001
00010110
00011101
00100011
00101001
00101011
00101100
00101110
00110000
00110101
00101011
00010110
00000110
00000000
00000010
00000010
00000001
00000001
00000001
00000001
00000001
00000001
00000001
00000001
00000001
00000001
00000011
00000100
00000110
00001000
00001010
00001101
00010011
00010110
00001011
00000000
00000001
00000101
00000101
00000011
00000001
00000001
00000001
00000001
00000001
00000001
00000001
00000001
00000001
00000001
00000001
00000001
00000001
00000001
00000010
00001000
00001110
00001011
00000011
11111110
00000001
00000110
00000100
00000001
00000001
00000001
00000001
00000001
00000001
00000001
00000001
00000001
00000001
00000001
00000001
00000001
00000001
00000001
00000101
00001101
00010000
00001010
00000001
00000010
00000110
00000101
00000010
00000001
00000001
00000001
00000001
00000001
00000001
00000001
00000001
00000001
00000001
00000001
00000001
00000001
00000001
00000010
00001000
00010001
00001110
00000110
00000001
00000101
00001001
00000111
00000010
00000001
00000001
00000001
00000001
00000001
00000001
00000001
00000001
00000001
00000001
00000001
00000001
00000001
00000001
00000100
00001011
00010001
00001001
00000001
00000011
00000101
00000101
00000010
00000001
00000001
00000001
00000001
00000001
00000001
00000001
00000001
00000001
00000001
00000001
00000001
00000001
00000001
00000011
00000110
00001100
00001001
00000000
00000000
00000011
00000110
00000100
00000001
00000001
00000001
00000001
00000001
00000001
00000001
00000001
00000001
00000001
00000001
00000001
00000001
00000001
00000010
00000101
00001000
00001000
00000000
11111011
00000000
00000101
00000101
00000010
00000001
00000001
00000001
00000001
00000001
00000001
00000001
00000001
00000001
00000001
00000001
00000001
00000001
00000001
00000101
00001001
00001010
00000101
11111101
11111111
00000110
00000111
00000100
00000001
00000001
00000001
00000001
00000001
00000001
00000001
00000001
00000001
00000001
00000001
00000001
00000001
00000001
00000010
00001000
00001100
00000111
00000010
00000000
00000111
00001001
00000101
00000010
00000001
00000001
00000001
00000001
00000001
00000001
00000001
00000001
00000001
00000001
00000001
00000001
00000001
00000010
00000101
00001011
00001011
00000100
00000001
00000011
00001011
00001001
00000100
00000001
00000001
00000001
00000001
00000001
00000001
00000001
00000001
00000001
00000001
00000001
00000001
00000001
00000001
00000100
00001000
00001110
00000101
00000000
00000001
00000011
00001000
00000110
00000001
00000001
00000001
00000001
00000001
00000001
00000001
00000001
00000001
00000001
00000001
00000001
00000001
00000001
00000010
00001000
00001101
00001110
00000001
11110111
11111010
11111110
00000100
00000010
00000001
00000001
00000001
00000001
00000001
00000001
00000001
00000001
00000001
00000001
00000001
00000001
00000001
00000001
00000101
00001110
00010100
00010010
00000100
11111000
11111100
11111110
00000001
00000001
00000001
00000001
00000001
00000001
00000001
00000001
00000001
00000001
00000001
00000001
00000001
00000001
00000001
00000001
00000111
00010101
00011100
00011101
00010011
00001000
00000101
00000000
00000000
00000001
00000001
00000001
00000001
00000001
00000001
00000001
00000001
00000001
