0000000000000000
0000000000000000
0000000000000000
0000000000000000
0000000000000000
0000000000000000
0000000000000000
0000000000000000
0000000000000000
0000000000000000
0000000000000000
0000000000000000
0000000000000000
0000000000000000
0000000000000000
0000000000000000
0000000000000000
0000000000000000
0000000000000000
0000000000000000
0000000000000000
0000000000000000
0000000000000000
0000000000000000
0000000000000000
0000000000000000
0000000000000000
0000000000000000
0000000000000000
0000000000000000
0000000000000000
0000000000000000
0000000000000000
0000000000000000
0000000000000000
0000000000000000
0000000000000000
0000000000000000
0000000000000000
0000000000000000
0000000000000000
0000000000000000
0000000000000000
0000000000000000
0000000000000000
0000000000000000
0000000000000000
0000000000000000
0000000000000000
0000000000000000
0000000000000000
0000000000000000
0000000000000000
0000000000000000
0000000000000000
0000000000000000
0000000000000000
0000000000000000
0000000000000000
0000000000000000
0000000000000000
0000000000000000
0000000000000000
0000000000000000
0000000000000000
0000000000000000
0000000000000000
0000000000000000
0000000000000000
0000000000000000
0000000000000000
0000000000000000
0000000000000000
0000000000000000
0000000000101000
0000000010000101
0000000010111010
0000000011000100
0000000010001011
0000000000110111
0000000000010010
1111111111110001
1111111111111011
1111111111111010
0000000000000000
0000000000000000
0000000000000000
0000000000000000
0000000000000000
0000000000000000
0000000000000000
0000000000000000
0000000000000000
0000000000000000
0000000000000000
0000000000000000
0000000000000000
0000000000000000
0000000010000001
0000000101010001
0000000111100011
0000001001001111
0000001000110001
0000000111100110
0000000110000011
0000000100011101
0000000011110100
0000000011011101
0000000011100100
0000000011100100
0000000011100100
0000000011100100
0000000011010100
0000000010001010
0000000000101101
1111111111111001
1111111111101000
1111111111110111
0000000000000000
0000000000000000
0000000000000000
0000000000000000
0000000001011100
0000000100001100
0000000110101101
0000001001101100
0000001011110101
0000001101001001
0000001101100011
0000001100100111
0000001011011100
0000001010101100
0000001010011011
0000001010100000
0000001010010101
0000001010010100
0000001010010000
0000001000100100
0000000101001010
0000000010000000
0000000000000101
1111111111101011
0000000000000000
0000000000000000
0000000000000000
0000000000000000
1111111111010000
1111111110011110
1111111111011101
0000000001100111
0000000101011000
0000000111011000
0000001001111111
0000001011000011
0000001011010111
0000001011100001
0000001011000100
0000001011010111
0000001010101110
0000001011111101
0000001101110100
0000001101000010
0000001010001000
0000000101101100
0000000001111111
0000000000001000
0000000000000000
0000000000000000
0000000000000000
0000000000000000
1111111101001010
1111111010100111
1111111001000110
1111111001110110
1111111100000101
1111111101011100
1111111110111110
0000000000100110
0000000001101011
0000000010011000
0000000010001111
0000000010100111
0000000011000111
0000000101101010
0000001000110101
0000001010000011
0000001001100011
0000000110111111
0000000011011010
0000000000111111
0000000000000000
0000000000000000
0000000000000000
0000000000000000
1111111101111001
1111111011010010
1111111010100000
1111111001110100
1111111010001110
1111111001010101
1111111000111001
1111111001011110
1111111010000000
1111111010100000
1111111010010111
1111111010100010
1111111101010110
0000000000101000
0000000001111011
0000000011100100
0000000101101011
0000000101110100
0000000011110001
0000000001001110
0000000000000000
0000000000000000
0000000000000000
0000000000000000
1111111111100100
1111111110101111
1111111110100000
1111111110010110
1111111101111011
1111111100111111
1111111011011110
1111111011110011
1111111011010000
1111111011100000
1111111011010101
1111111100011001
0000000000010010
0000000001011000
0000000000110101
0000000001001100
0000000011010111
0000000100001110
0000000011000001
0000000000110110
0000000000000000
0000000000000000
0000000000000000
0000000000000000
0000000000000000
0000000000000000
0000000000000000
0000000000000000
0000000000000000
1111111111111001
1111111111011100
1111111111011101
1111111111010111
1111111111000011
1111111111011100
0000000001110101
0000000100110010
0000000010101000
0000000000010110
0000000001101000
0000000011001111
0000000011110011
0000000001111101
0000000000010110
0000000000000000
0000000000000000
0000000000000000
0000000000000000
0000000000000000
0000000000000000
0000000000000000
0000000000000000
0000000000000000
0000000000000000
0000000000000000
0000000000000000
0000000000000000
0000000000000000
0000000001001111
0000000100010011
0000000100001100
0000000001010011
0000000000001010
0000000001110111
0000000011011101
0000000011001100
0000000001000110
0000000000000011
0000000000000000
0000000000000000
0000000000000000
0000000000000000
0000000000000000
0000000000000000
0000000000000000
0000000000000000
0000000000000000
0000000000000000
0000000000000000
0000000000000000
0000000000000000
0000000000000000
0000000010000101
0000000100000110
0000000010000101
1111111111100001
0000000001000011
0000000010100111
0000000011001100
0000000001111001
0000000000010111
0000000000000000
0000000000000000
0000000000000000
0000000000000000
0000000000000000
0000000000000000
0000000000000000
0000000000000000
0000000000000000
0000000000000000
0000000000000000
0000000000000000
0000000000000000
0000000000000000
0000000000111000
0000000011001010
0000000010101011
0000000000001000
0000000000000001
0000000001110001
0000000011001010
0000000010100000
0000000000110100
0000000000000110
0000000000000000
0000000000000000
0000000000000000
0000000000000000
0000000000000000
0000000000000000
0000000000000000
0000000000000000
0000000000000000
0000000000000000
0000000000000000
0000000000000000
0000000000000000
0000000000100000
0000000010111111
0000000100011100
0000000001110000
1111111111001111
0000000001000101
0000000011000001
0000000011011000
0000000001101000
0000000000001001
0000000000000000
0000000000000000
0000000000000000
0000000000000000
0000000000000000
0000000000000000
0000000000000000
0000000000000000
0000000000000000
0000000000000000
0000000000000000
0000000000000000
0000000000000000
0000000000001000
0000000010000101
0000000101011000
0000000100100100
0000000001011000
0000000000011100
0000000010000000
0000000011011010
0000000010101001
0000000000101101
0000000000000000
0000000000000000
0000000000000000
0000000000000000
0000000000000000
0000000000000000
0000000000000000
0000000000000000
0000000000000000
0000000000000000
0000000000000000
0000000000000000
0000000000000000
0000000000000000
0000000001100101
0000000100101010
0000000101111100
0000000011011001
0000000000011010
0000000001110010
0000000011000101
0000000011010001
0000000001101000
0000000000001001
0000000000000000
0000000000000000
0000000000000000
0000000000000000
0000000000000000
0000000000000000
0000000000000000
0000000000000000
0000000000000000
0000000000000000
0000000000000000
0000000000000000
0000000000000000
0000000000010000
0000000011000101
0000000110000010
0000000100001101
0000000001010010
0000000000100001
0000000010010011
0000000011100100
0000000010100010
0000000000101101
0000000000000000
0000000000000000
0000000000000000
0000000000000000
0000000000000000
0000000000000000
0000000000000000
0000000000000000
0000000000000000
0000000000000000
0000000000000000
0000000000000000
0000000000000000
0000000000001000
0000000010000011
0000000100111111
0000000100000101
0000000001011001
1111111111010111
0000000001011110
0000000010110111
0000000011000101
0000000001011110
0000000000001001
0000000000000000
0000000000000000
0000000000000000
0000000000000000
0000000000000000
0000000000000000
0000000000000000
0000000000000000
0000000000000000
0000000000000000
0000000000000000
0000000000000000
0000000000000000
0000000001000101
0000000100001101
0000000101001101
0000000010111100
1111111111011110
0000000000001001
0000000001111010
0000000010111100
0000000001110011
0000000000100110
0000000000000000
0000000000000000
0000000000000000
0000000000000000
0000000000000000
0000000000000000
0000000000000000
0000000000000000
0000000000000000
0000000000000000
0000000000000000
0000000000000000
0000000000000000
0000000000011000
0000000010111010
0000000101110110
0000000100110001
0000000010100111
0000000001010010
0000000010011001
0000000010110011
0000000010000010
0000000000110101
0000000000000110
0000000000000000
0000000000000000
0000000000000000
0000000000000000
0000000000000000
0000000000000000
0000000000000000
0000000000000000
0000000000000000
0000000000000000
0000000000000000
0000000000000000
0000000000000000
0000000001000111
0000000100001010
0000000100111110
0000000100111011
0000000100000000
0000000100011011
0000000101000101
0000000011001111
0000000001010100
0000000000001100
0000000000000000
0000000000000000
0000000000000000
0000000000000000
0000000000000000
0000000000000000
0000000000000000
0000000000000000
0000000000000000
0000000000000000
0000000000000000
0000000000000000
0000000000000000
0000000000000000
0000000001011000
0000000011010000
0000000011001001
0000000001111101
0000000011110100
0000000101101111
0000000110000111
0000000011110001
0000000000110101
0000000000000000
0000000000000000
0000000000000000
0000000000000000
0000000000000000
0000000000000000
0000000000000000
0000000000000000
0000000000000000
0000000000000000
0000000000000000
0000000000000000
0000000000000000
0000000000000000
0000000000000000
1111111111111011
1111111110001011
1111111101100011
1111111101100010
0000000001110100
0000000100110110
0000000100110010
0000000011001001
0000000000100001
0000000000000000
0000000000000000
0000000000000000
0000000000000000
0000000000000000
0000000000000000
0000000000000000
0000000000000000
0000000000000000
