0000000101000000
1111111011100000
0000001010000000
1111111111100000
1111111100000000
0000001000000000
0000001100000000
1111110110100000
0000000001000000
0000000010000000
0000000011000000
0000000000100000
1111111111000000
1111111110000000
1111111001000000
1111111111100000
0000000101000000
1111111011100000
0000001010000000
1111111111100000
1111111100000000
0000001000000000
0000001100000000
1111110110100000
0000000001000000
0000000010000000
0000000011000000
0000000000100000
1111111111000000
1111111110000000
1111111001000000
1111111111100000
