0000000000001110
0000000000001110
0000000000001110
0000000000001110
0000000000001110
0000000000001110
0000000000001110
0000000000001110
0000000000001110
0000000000001110
0000000000001110
0000000000001110
0000000000001110
0000000000001110
0000000000001110
0000000000001110
0000000000001110
0000000000001110
0000000000001110
0000000000001110
0000000000001110
0000000000001110
0000000000001110
0000000000001110
0000000000001110
0000000000001110
0000000000001110
0000000000001110
0000000000001110
0000000000001110
0000000000001110
0000000000001110
0000000000001110
0000000000001110
0000000000001110
0000000000001110
0000000000001110
0000000000001110
0000000000001110
0000000000001110
0000000000001110
0000000000001110
0000000000001110
0000000000001110
0000000000001110
0000000000001110
0000000000001110
0000000000001110
0000000000001110
0000000000001110
0000000000001110
0000000000001110
0000000000001110
0000000000001110
0000000000001110
0000000000001110
0000000000001110
0000000000001110
0000000000001110
0000000000001110
0000000000001110
0000000000001110
0000000000001110
0000000000001110
0000000000001110
0000000000001110
0000000000001110
0000000000001110
0000000000001110
0000000000001110
0000000000001110
0000000000001110
0000000000001110
0000000000001110
0000000000111000
0000000010010111
0000000011010001
0000000011100010
0000000010100011
0000000001001001
0000000000011111
1111111111111100
0000000000000111
0000000000000110
0000000000001110
0000000000001110
0000000000001110
0000000000001110
0000000000001110
0000000000001110
0000000000001110
0000000000001110
0000000000001110
0000000000001110
0000000000001110
0000000000001110
0000000000001110
0000000000001110
0000000010011000
0000000101110010
0000001000010010
0000001010000110
0000001001100000
0000001000010100
0000000110101010
0000000101000001
0000000100010000
0000000011110110
0000000011111110
0000000011111110
0000000011111110
0000000011111110
0000000011101101
0000000010100000
0000000000111111
0000000000000100
1111111111110001
0000000000000011
0000000000001110
0000000000001110
0000000000001110
0000000000001110
0000000001110101
0000000100100111
0000000111010000
0000001010011111
0000001100110011
0000001110001110
0000001110101010
0000001101101110
0000001100100000
0000001011101011
0000001011011000
0000001011011110
0000001011010010
0000001011010001
0000001011001010
0000001001010101
0000000101110011
0000000010011100
0000000000010011
1111111111110111
0000000000001110
0000000000001110
0000000000001110
0000000000001110
1111111111011011
1111111110011101
1111111111011001
0000000001101100
0000000101101100
0000000111111001
0000001010101010
0000001011110100
0000001100001111
0000001100010111
0000001011111011
0000001100010001
0000001011100100
0000001100111000
0000001110110000
0000001110000101
0000001011000111
0000000110010011
0000000010010100
0000000000011000
0000000000001110
0000000000001110
0000000000001110
0000000000001110
1111111101001111
1111111010010111
1111111000101010
1111111001011111
1111111011100110
1111111100110111
1111111110100010
0000000000010000
0000000001100111
0000000010010111
0000000010010011
0000000010101001
0000000011001100
0000000101111110
0000001001010010
0000001010101010
0000001010010001
0000000111100111
0000000011110011
0000000001010010
0000000000001110
0000000000001110
0000000000001110
0000000000001110
1111111110000000
1111111011001101
1111111010010011
1111111001100010
1111111001100111
1111111000100100
1111111000000010
1111111000100111
1111111001001111
1111111001101101
1111111001101001
1111111001110110
1111111100110110
0000000000010001
0000000001100110
0000000011011001
0000000101101011
0000000101111101
0000000011111101
0000000001011001
0000000000001110
0000000000001110
0000000000001110
0000000000001110
1111111111110001
1111111110111000
1111111110101000
1111111110011100
1111111101111000
1111111100110100
1111111011010001
1111111011011110
1111111010110101
1111111010111110
1111111010101110
1111111011111001
0000000000000000
0000000001001010
0000000000011000
0000000000110000
0000000011010001
0000000100001100
0000000010111101
0000000000111000
0000000000001110
0000000000001110
0000000000001110
0000000000001110
0000000000001110
0000000000001110
0000000000001110
0000000000001110
0000000000001110
0000000000000110
1111111111101000
1111111111101001
1111111111100011
1111111111001011
1111111111100001
0000000010001010
0000000101000111
0000000010110011
0000000000010010
0000000001100111
0000000011011110
0000000011110110
0000000001110101
0000000000011011
0000000000001110
0000000000001110
0000000000001110
0000000000001110
0000000000001110
0000000000001110
0000000000001110
0000000000001110
0000000000001110
0000000000001110
0000000000001110
0000000000001110
0000000000001110
0000000000001110
0000000001100010
0000000100110010
0000000100100110
0000000001010111
0000000000000111
0000000010000101
0000000011101011
0000000011000110
0000000001000000
0000000000001111
0000000000001110
0000000000001110
0000000000001110
0000000000001110
0000000000001110
0000000000001110
0000000000001110
0000000000001110
0000000000001110
0000000000001110
0000000000001110
0000000000001110
0000000000001110
0000000000001110
0000000010011101
0000000100011111
0000000010010000
1111111111100011
0000000001001000
0000000010110010
0000000011001011
0000000001101111
0000000000011101
0000000000001110
0000000000001110
0000000000001110
0000000000001110
0000000000001110
0000000000001110
0000000000001110
0000000000001110
0000000000001110
0000000000001110
0000000000001110
0000000000001110
0000000000001110
0000000000001110
0000000001001000
0000000011100101
0000000010111111
0000000000001000
0000000000000000
0000000001111110
0000000011010001
0000000010010111
0000000000101100
0000000000010001
0000000000001110
0000000000001110
0000000000001110
0000000000001110
0000000000001110
0000000000001110
0000000000001110
0000000000001110
0000000000001110
0000000000001110
0000000000001110
0000000000001110
0000000000001110
0000000000101111
0000000011011001
0000000100111011
0000000001111101
1111111111001101
0000000001001010
0000000011001101
0000000011010111
0000000001011111
0000000000010010
0000000000001110
0000000000001110
0000000000001110
0000000000001110
0000000000001110
0000000000001110
0000000000001110
0000000000001110
0000000000001110
0000000000001110
0000000000001110
0000000000001110
0000000000001110
0000000000010110
0000000010011011
0000000101111010
0000000101000100
0000000001011111
0000000000011011
0000000010001111
0000000011100011
0000000010100010
0000000000101010
0000000000001110
0000000000001110
0000000000001110
0000000000001110
0000000000001110
0000000000001110
0000000000001110
0000000000001110
0000000000001110
0000000000001110
0000000000001110
0000000000001110
0000000000001110
0000000000001110
0000000001111000
0000000101001010
0000000110100010
0000000011101101
0000000000011000
0000000001111100
0000000011010111
0000000011010100
0000000001011111
0000000000010010
0000000000001110
0000000000001110
0000000000001110
0000000000001110
0000000000001110
0000000000001110
0000000000001110
0000000000001110
0000000000001110
0000000000001110
0000000000001110
0000000000001110
0000000000001110
0000000000011110
0000000011100011
0000000110100011
0000000100100111
0000000001011000
0000000000100000
0000000010100010
0000000011110001
0000000010011010
0000000000101010
0000000000001110
0000000000001110
0000000000001110
0000000000001110
0000000000001110
0000000000001110
0000000000001110
0000000000001110
0000000000001110
0000000000001110
0000000000001110
0000000000001110
0000000000001110
0000000000010110
0000000010011000
0000000101011110
0000000100100010
0000000001100010
1111111111001110
0000000001100110
0000000011000100
0000000011000000
0000000001010101
0000000000010010
0000000000001110
0000000000001110
0000000000001110
0000000000001110
0000000000001110
0000000000001110
0000000000001110
0000000000001110
0000000000001110
0000000000001110
0000000000001110
0000000000001110
0000000000001110
0000000001010111
0000000100101110
0000000101101111
0000000011000111
1111111111011100
0000000000001111
0000000010000011
0000000010111001
0000000001101001
0000000000100100
0000000000001110
0000000000001110
0000000000001110
0000000000001110
0000000000001110
0000000000001110
0000000000001110
0000000000001110
0000000000001110
0000000000001110
0000000000001110
0000000000001110
0000000000001110
0000000000100111
0000000011010101
0000000110010111
0000000101001110
0000000010110000
0000000001011001
0000000010101000
0000000010110000
0000000001111000
0000000000101110
0000000000010001
0000000000001110
0000000000001110
0000000000001110
0000000000001110
0000000000001110
0000000000001110
0000000000001110
0000000000001110
0000000000001110
0000000000001110
0000000000001110
0000000000001110
0000000000001110
0000000001011010
0000000100101001
0000000101011010
0000000101010001
0000000100001001
0000000100111001
0000000101011100
0000000011001010
0000000001001011
0000000000010011
0000000000001110
0000000000001110
0000000000001110
0000000000001110
0000000000001110
0000000000001110
0000000000001110
0000000000001110
0000000000001110
0000000000001110
0000000000001110
0000000000001110
0000000000001110
0000000000001110
0000000001101101
0000000011101000
0000000011010110
0000000010000111
0000000100000000
0000000110000101
0000000110001110
0000000011110100
0000000000111010
0000000000001110
0000000000001110
0000000000001110
0000000000001110
0000000000001110
0000000000001110
0000000000001110
0000000000001110
0000000000001110
0000000000001110
0000000000001110
0000000000001110
0000000000001110
0000000000001110
0000000000001110
0000000000001011
1111111110010010
1111111101010111
1111111101001100
0000000001110100
0000000101000011
0000000100111000
0000000011000100
0000000000101011
0000000000001110
0000000000001110
0000000000001110
0000000000001110
0000000000001110
0000000000001110
0000000000001110
0000000000001110
0000000000001110
