11110111
00011100
11110001
00000000
00000000
00011010
00010010
00001001
00000000
00010001
00000000
00000000
00000000
00010011
00100000
11111010
00100110
00001111
11011101
11111001
11110101
11101101
00010111
00010101
11101011
11110100
00011011
00000000
00000000
11111100
11101010
00001010
00000000
00000000
11111100
00000000
11111110
11101010
00000000
00011010
11100100
11111000
00000100
00000000
00011110
11110001
00001000
11110010
00000000
11111000
00000110
00000000
00001011
00000000
00000100
00000000
00010011
00010111
00000000
11111110
00001101
00000000
00000110
11110110
11101001
00011010
00000101
00000000
00000000
00000000
00000000
00000011
11110111
00000100
00001000
00000111
00000000
00000000
00000000
00001001
00000000
00000000
11110111
00000000
00010000
00000010
00001001
00000000
00000001
11110101
00010101
00000000
11110101
11111100
11110001
00000001
00001011
00000000
00000011
11101000
00000000
00000100
00000000
11110011
11111011
00000000
11110111
00000000
00000000
00010010
00000000
11101111
00000000
11110001
00001011
11110000
11101101
00001110
00000111
11101000
00000000
00000000
11101110
00000000
00000000
00000100
00001001
00011001
00000000
11111101
11101110
11110110
00000000
00000000
00010001
00001001
00000000
00000100
11111011
00000000
11111101
00001010
11100011
00000000
11111010
00000111
00000000
00001110
00000110
00000011
00000000
11111011
00000000
11111111
00000111
00010101
00001010
00001100
11110000
00000000
00000000
00001000
00000000
00001000
11111100
11111101
11100111
00000000
00000110
11110111
11100111
00001000
11101100
11110100
00000000
11111010
11110001
00000000
00011100
00000000
00000000
00000000
00000111
00000000
00000000
00000000
11111000
00000000
00000000
11111011
11110111
00000101
00000011
00011010
00001000
00000000
11111100
00000001
00001100
00000000
00000000
00000000
11111100
11100110
11101000
00001100
00000000
00000000
00000000
00000000
00000000
00000000
11110111
00010101
11100100
00011011
00000000
00001101
00000000
11101100
00001100
11011111
00010011
11110101
00000000
00000001
00000000
00000000
00000000
00000000
00010111
00000000
00011111
11111100
00010000
00000110
00000000
00000000
00000011
00000000
11101011
11110011
00000011
00000000
00000000
11111111
11011110
00001110
00001111
00000000
00000000
00000000
00001111
00000000
00001010
00000000
00000000
00000000
11100111
11111001
11111100
11111001
00000011
00000011
00000000
11110101
00010111
11110000
00011000
11110011
11111000
00000000
00001101
00000000
00000000
00000000
00000000
00000000
11100100
00000011
00000000
00000000
00000000
00010001
00010000
00000100
00000000
00000000
00000000
00001111
00000000
00000000
00010001
00000000
00010100
00000111
00000101
11011101
11111011
00000010
11111101
00000000
11111001
00000000
00000000
00000001
11110100
11111110
00000000
00010111
11100111
00000100
00000000
11110100
11110101
11100000
00010110
00000000
00010001
11110110
11101010
00000110
00010010
00000000
11111010
00000000
00000000
00000000
11100000
11110111
00001111
11110101
11111000
11111001
11101001
11111010
11100111
00000001
00000000
11110100
00000000
00000000
00010011
00000000
11111101
00000000
11111101
11111111
00000000
00000000
00010101
00010010
11111111
00000000
00000000
00000000
11110101
00000111
00000000
11111000
00000000
00000000
00001101
00000000
00010101
00000000
00000000
00000000
11110101
11011101
11110011
00000000
00100000
00000000
00000000
00000000
11111111
00000000
00000110
11101111
00001100
00000000
00000000
11111100
11111110
11110110
00000001
00000000
00001010
00000000
00000000
00000000
00010111
00011000
00000000
11101101
11110100
11111010
00000000
00000000
00000000
00000101
11100010
00000000
00000000
11111101
00000000
00010100
00000000
00000000
00000000
00001100
11111000
00000000
11101110
00000000
11110111
00100100
00000000
00001011
11110100
00001000
00100111
00000000
00000000
00001011
11110011
00000000
11110000
11110000
00000000
11111101
00000000
11110001
00000000
11111001
00000011
11110011
00000000
11011101
00001000
00000110
11111010
00000000
00011000
00001101
00000000
11110111
00011101
00000000
00000000
00000000
00000000
00001000
00010010
11110001
11110000
00011001
11111111
00001011
00011110
00000000
00001011
11110111
00101110
00010010
11110111
00001100
11110010
11111101
00000000
00000000
11011010
00000000
00001001
00000000
00011001
00000000
00000000
11111111
11111110
00000000
00010101
11110111
00000000
00000000
00000000
00010010
00100010
00001000
00000000
00000011
00001100
11101111
00000000
00000000
00001000
11110110
11110001
11100000
00000000
00000100
00000000
00000000
00001010
00000000
00000000
00001000
00000000
11111110
00001000
11111100
00001010
00000000
00000000
00001001
00000000
00000000
00000000
00000111
11111101
11111101
11111110
00000000
11010110
11101010
00000000
00000110
11111011
11100111
00000011
00001001
11101001
00000000
00000011
00000000
00000000
00000000
00000000
00000000
11101100
11101011
11111001
11110111
00001100
11111010
11111001
00010001
00000000
00010100
00000000
00000000
11101001
00000000
00000000
11110111
00000001
00000000
00000000
00000000
00001100
11010110
00000000
11111110
00011001
00010000
11111010
11111110
00010100
11110101
00000010
11100111
00000000
11101111
11110011
00000110
11111010
11110110
00000000
00000000
00000010
11110101
00011100
00000010
11101011
00010010
00001011
11101100
11101110
11111010
11110011
00000000
11100010
00000000
00000000
00000000
00000000
00000000
00000000
00000000
00000001
00000000
00000000
00000111
00000000
00001100
00000000
11110111
00010011
00000000
00001101
00000000
00000000
00000011
00000111
00000001
00000000
00001111
00000000
00000000
11110110
11111111
00000000
00000000
11110011
11110111
00000000
11110111
00010000
00000000
00000000
11111010
00000000
00010011
00000000
00000101
00000000
00000000
00000000
00000000
00000101
11110101
11111100
00000000
00000000
00000000
00000011
00001100
00001011
00010011
11111010
00000001
00000000
00000000
00100100
11110100
11111011
00001100
11101110
11111101
00000000
00000000
11111101
00010101
00000000
00000000
00000000
00000100
00010001
11111010
00000000
00011000
00000000
00000000
00000000
11111110
00001000
00000001
00001010
11110001
00000000
00000000
00000000
00000000
11110110
00000000
11101110
00000000
11110111
00000000
00000000
00000000
11011101
00000000
00000000
00001101
00000000
00001011
00001010
00000000
00000000
00000111
00000000
00000011
00000000
11101011
00001111
00010001
00001111
00000000
00000000
00001101
00010100
00110001
11110101
00000000
00000000
11100111
00000000
00000000
00000000
11111110
00000000
00000000
11111100
11110011
11110010
00001011
11110111
00000000
11110011
00000001
11100111
00010101
00000000
00000000
00000010
00000000
11111111
11110110
00000000
00010101
00000000
00000111
00000000
11110111
00000000
11101111
11101010
00000000
00000000
00000000
11110111
11111111
00000000
11101101
00000000
00000000
00100011
00000000
00000000
00000000
11111010
00000000
00001000
00000000
00000000
00000000
00000000
11100111
00000000
11111000
00001100
00000000
11111000
11111001
00001011
11110110
00000000
00000000
00001101
11110010
00000110
11111000