00000000
11111110
11110010
00000000
00000000
00000000
11101000
00000000
11111000
00000000
00000000
00001101
00000000
11101101
00000000
11110000
00010010
11101101
00000000
00000000
00000000
00000000
00000000
00000000
11111110
00000000
00000000
11101001
00000000
11101111
11100101
00000000
00000000
00000000
00000000
00000000
00000000
11110010
00000000
11111010
00000000
00000000
00000000
00000000
11110001
00000000
11110011
00000000
00000000
00000000
11111010
00000000
00000000
00000000
00000000
00000000
00000000
11111010
00000000
00000000
00000000
11110110
00000000
00000000
00000000
00000000
11101010
11100101
11110001
00000000
11101100
11111100
00000000
00000001
00000000
11111010
00000000
00000000
00000000
00000000
11101111
00000000
00100001
00000000
00000000
00000000
00001100
11111010
00000101
11100011
00000000
00000000
00000000
00000000
00000000
00011000
00000000
11110010
00000000
00000000
00000000
11111001
11110010
00000000
00000000
00001101
00000000
00000000
00000000
00000000
00000000
00000000
11111000
00000000
11101100
00010101
00010011
00000000
11101101
00000000
00000000
00000000
00000000
00001101
00000000
00000000
00000000
11110111
00100001
00000101
00000000
00010011
00000000
11111010
00000000
00000000
00000000
00000000
00000000
00000000
00000000
11111000
11101111
11110100
00010010
00001100
00001100
00000000
00000000
00000000
11101010
00011110
00000101
00000000
00000000
00000000
00000000
11101100
00000000
00000000
11111010
00000000
11101111
00000000
00000000
00000000
11110110
00000000
00000000
11110101
00000000
00000000
00000000
00000000
00000000
11101110
00000000
11100101
11111001
11110111
11101010
11111110
11100100
00001001
00000000
11111000
00000000
00010100
00000000
00001110
11110110
00000000
00000000
00000000
00000000
00000000
00001010
00000000
11100110
11110001
00000000
00000000
00000000
11111011
00000000
00000000
00000000
00010011
00000000
00000000
00000000
11110100
00000000
00000000
11111100
00000000
00000000
00001000
11111101
00000000
00000000
00000000
00000000
00000000
00011000
00000001
00000000
00000000
11011111
00000000
00000000
00000000
00000000
00000000
00000010
00000000
00000000
00010110
00000000
00010000
00000000
00000011
00000000
11101010
00000000
00001010
00000000
00000000
11110000
00100000
00000000
00000000
00001110
11101010
00100010
11111011
00000000
00000000
00001100
11111111
00000001
00000000
00000000
00000000
00000000
00000000
11100100
00000000
00000000
00001010
11111001
00000000
00000000
00000000
00000000
00000000
00000000
00001010
00000000
00000000
11111111
00000000
11110101
00000000
00010001
11111010
00001011
00000000
00000111
00000000
00000000
00000011
00000000
11110001
00011000
00100001
11110101
00000000
00011011
00000000
00010101
00000000
00000000
00000111
00000000
11101100
11111111
00000000
11110011
00001001
00000000
00000000
00000000
00000000
00011010
11110100
00000000
00000000
00000000
11110110
00000000
11101000
00000000
00000000
11110101
00000000
00000000
11111000
00000001
11111101
11110011
11110010
00000101
00010010
00000000
00000000
11111100
00001001
00001001
00000000
11101111
00000000
00000000
00000000
00000000
00000000
00000000
00000000
00000000
00000000
00000000
00000000
00000000
00000000
00000000
00000000
00000000
11110010
00000000
00000000
00000000
11110001
00000000
11101100
00000000
00000000
11111011
11110101
00000000
00000000
00000011
00000000
00000000
00010011
00000000
00000000
00000000
00000000
00010000
00000000
00000000
00000000
00000000
00000000
00010110
00000000
00000000
11111011
00000000
00000000
00000000
00000000
11111100
11110010
00000000
11110101
00000110
00000000
11111011
00100000
00001110
00000000
11111001
00000100
00000000
00010110
00000000
00000000
11111000
00000000
11111011
00000000
00000000
00001010
00000000
11100110
00000000
00000011
00000000
00000000
11110110
00000000
11111110
00000000
00000000
11110011
00000000
11111100
00000000
00000000
00001010
11110100
11110100
00000000
00000000
00000000
00000000
00000000
00000000
00000000
00000000
11110001
11110001
00000000
00000000
11111011
11110101
11111101
00000000
00000000
00000000
00000000
00000000
00000000
00000000
11101010
00010000
00011000
00000000
11101111
00000000
00000000
00000000
00010101
00000011
11111100
00000000
00000000
00001000
11110100
00001110
00000000
00000000
00000101
00000000
00000000
00000100
00000000
00000000
00000000
11101111
00000000
00000000
00010101
00000000
00000011
00000000
11101110
00000000
00000000
11100011
11111111
00000000
00000000
00010001
00000000
11110000
11110100
00000011
11110100
00000000
00000000
11111011
00000000
11101110
11110011
00000100
11101101
00000000
00000000
00000101
00000100
00000000
11110110
00000100
00000000
00000000
00001110
00001100
00000000
00000000
00000000
00000000
00010000
11111110
00000000
00000000
00000000
00000111
11110100
00000000
11101000
00000000
00000000
11101110
11111100
00000000
11101100
00000000
00000000
11011100
00000000
11111010
00000000
00001000
00000000
00000000
00000000
00000000
00000000
00000000
00000000
00000000
11111011
00001101
11111010
00000000
00011011
00000000
00000000
00000000
11100111
11111001
00000000
00000011
11110100
00000000
00000000
00000000
11101010
00000000
11110000
00011101
11100000
00000000
00000000
00010010
00000000
00000000
00000000
00000000
00000000
00001111
00000000
00000000
00000000
11111001
00000000
00000000
00000000
11111000
11110110
00000000
00010001
00000000
11101011
00000000
00000000
00011110
00000000
00000000
00000011
11110001
00001100
00000000
00000000
00000000
00000000
00000000
00000000
00000000
00001000
00000000
00011111
00000000
00000000
00000000
11111001
11110101
00001011
00000000
00000000
11110111
00000000
00000110
11101001
00000000
00000000
00000000
00000000
11101111
00000101
00000000
00000000
00000000
00010101
11111010
11101001
00000000
00000000
00000000
00001010
00000000
00000000
00000000
00000000
00000000
00000000
00000000
00000000
00000000
00000000
00000000
00000000
11111011
00000000
00000000
00000000
00000000
11011111
00001001
00011010
00000110
00000000
00000000
00000000
11101101
00000000
00000000
00000000
11011001
00000110
00000000
00000000
00000000
00000000
11111100
00000000
00000000
00000000
11111000
11101110
00011001
11011011
11111111
00000000
00000000
00000000
00000000
00000101
11110000
00000000
11110011
00000000
00000000
00000000
00000000
11110110
00010000
00000100
11110100
00010000
00001110
00000000
00010111
00000100
00000000
11110000
00000000
11110011
11110111
00000000
00000000
00000000
00000000
00011010
11110110
00000000
00000000
00000000
00000100
00000000
00000000
00000000
00000000
00000000
00000000
00000000
11110001
00000000
00010110
00000000
00000000
00000000
00000000
00000000
00000000
11101101
00100011
00000000
11101001
00000000
00001011
00001000
00001011
00000000
11110101
11111111
00000000
00000000
00000000
11101010
00000000
00000000
00000000
11111100
00000000
00000000
11111101
00001100
00000000
00000000
11111110
00100000
00000000
11110110
00000101
00001001
00000000
11101001
00000000
00000000
00000101
11110101
00000000
00000000
00000110
00000000
00000000
00000000
11110000
00000000
00000000
00000101