11100110
00011100
00001101
11110001
00000000
00010111
11111011
00000000
00000000
00000000
11100010
00000000
00000000
00000000
11101010
11111111
00000000
00000000
00000000
00001010
00000101
00000010
00000000
11110001
11111100
00001011
00000000
00000000
00000101
00000000
11110001
00000000
00000000
00000000
11111110
00010110
00001000
00000000
11011100
00000000
00000000
00000000
00000001
11110011
11101000
00011110
00000000
00000000
00000000
00000000
00000111
00000000
00000000
00000000
00000000
00000000
00010001
00000110
00000100
00000000
00000000
11110001
11101111
00000000
00000000
00010100
00000000
00000000
11110111
00000000
00000000
00000000
11110000
00001101
00001110
11111111
00000000
00000000
00000000
00000000
00000000
11111100
00000000
00000000
11101111
00000000
00010100
00000000
00001101
00000000
00000000
11111000
00000000
00000000
11111010
11110110
11011001
00000000
00000001
00000000
11111101
00000000
00000000
11110110
11101110
11110100
00001011
11111010
11111010
00000000
00000000
11110001
11100110
00001111
00000000
00000010
00000000
00000000
00000000
00000000
00000000
00000000
00000000
00000000
00000000
11111111
11011011
00000001
00000000
11111000
11110100
00000000
11111101
00000000
00000000
11110000
00000000
00010010
11110010
00000000
00000000
00000000
11111001
00000000
00000000
00000000
00000000
00000000
11011010
00000000
00000000
00000000
00000010
00000000
11101101
11111000
00000000
00000000
00000000
00000000
11101101
00000000
00010011
00000010
00000000
00010100
00001100
00000000
00000010
11111001
00000000
11111000
00000000
00001000
00000000
00000000
00000000
11111000
00000000
00000110
00001001
00000000
00000000
00001001
11110110
00000000
00000000
00000000
11111011
11111101
11110111
00000000
11101101
00000000
00001100
00010011
00000000
11100111
00000000
00000000
11101110
00000000
11111101
00000000
00000000
00001111
11111110
00000000
00000110
00000110
00000000
00000000
00000000
11111011
00000000
11110100
00000000
00000000
00001101
11100110
00011001
00000000
11111101
11010101
11110011
11111101
00000000
11101001
00010111
11101100
00000100
00000101
00000000
11111110
00000000
00000000
00000000
00000000
00000000
00010001
00000000
11101001
00001000
00010010
00000000
00000000
11110111
00000000
00000011
11110100
00001001
00000010
00000000
11111111
11111001
00000000
00000000
00000000
11110100
00000000
00000000
11101001
11110011
11111111
11110001
00000000
11110000
00000000
00000000
00000000
11111011
00011010
00000000
00001100
00000100
00000000
00001010
00000000
11111100
00000100
11110010
00000000
00000000
00000000
00001110
00000000
00000000
11101110
11111111
00000000
00000000
00000000
00001001
11100011
11110010
00000000
00010011
11110101
00000000
00000000
00000000
00010010
00000000
00000000
00000000
00000000
11100110
00000000
00000110
00001111
00000000
00010010
00000111
00010011
00000000
00000000
00000000
00000100
00001010
11110110
00001001
00010001
00000000
00010010
11110100
00011011
00010011
00100010
00001100
11110001
00000000
00001101
11110011
00000001
00001011
00000000
00000000
11011000
11111101
00000000
00000000
00011011
00000000
00001100
00001111
00001011
00000000
00000000
00000000
00000000
00000000
00000000
00000000
11110100
00000000
00000000
00001100
11110010
00000000
00000000
00001010
00000000
00010111
00000000
00000000
11110101
00000110
00000000
00010010
00000000
00000100
00000101
00000000
00000000
11111100
00000000
00000000
00001100
11111101
00000000
00000000
00000000
00000000
00000000
00000000
00000000
11111001
00000000
00000000
11101001
00000000
00000000
00000000
00100000
00000000
00000100
11101111
00000000
00001001
11111001
00000010
00000000
00000000
00000000
00010100
00000000
00000000
00000000
00000000
00000000
00000001
00000000
00000000
00000000
00000000
00000000
00000000
00000101
00011110
11110010
00000000
00000101
00000000
00000000
00000000
00000000
00000000
00001111
00001101
00001001
00001001
00010000
00000000
00000000
11111101
00000010
00000000
11111000
00010101
00001101
00000011
00000000
00000000
00000000
00000000
00000110
11100101
00000000
11110000
00000101
11111011
11111010
00000000
00000000
00000001
00000000
00000000
00000100
00000110
00010011
00001010
11111101
00000011
00000000
00000000
00000000
00000110
00000000
00000000
00000000
00000000
00000000
11101110
00000000
11101110
00000000
00000000
00010111
00000000
00000000
00000000
00000110
00000000
11101100
11111011
00000001
00000000
00000000
00000000
00000000
00000000
00000111
00000111
00010001
11111001
00000000
11110111
00000000
00000000
00000111
00000001
00000011
00000000
11111100
00011011
11100110
11110010
00000000
00000000
00000000
00000000
00000000
11111110
00000000
11110100
11100111
00100000
00000000
00000000
00000000
00000000
11110100
00000000
00000000
00000110
11111110
00010001
00000000
00000000
00000010
11110011
00000000
00000000
00000101
11110000
00000000
00001100
00000000
11111011
00000110
00000000
00000011
00001111
00000000
00011001
00000000
11111000
11110001
00000000
00000000
00010110
00001001
00010111
11110000
00000000
11110000
00000000
11110100
00001011
11111011
11111110
00000001
00001000
11110101
00000000
00000000
11101110
00000000
00000000
00001000
00000000
00000000
11111100
00000011
00011010
00000100
00000000
00001010
00001010
00000000
11110111
00000000
11110100
00011010
00000000
00000000
11100011
00000010
00001010
00000000
00000111
00000000
00000000
00000000
00000000
11101110
00000000
00000000
00000000
00001111
00000000
00000000
00000000
00000000
00000000
00000000
00000000
00000000
11101101
00000000
00000000
11101111
00000000
00000000
11010000
00000000
11111111
11100110
11110010
00000000
00000000
00000000
11110011
00000000
00010000
11110101
00000000
00001010
00000000
11110000
00000000
11111100
00000000
00000010
00000000
00000000
00000000
00000000
00000000
00000000
00000110
00000000
00000000
00000000
00011010
00000000
00000000
00001010
11111111
11110000
11110001
00001011
11101100
11101000
00000000
00001110
00000010
11101010
00000000
00000010
00001101
11111001
00001011
11111010
00000000
00000011
00001000
00000000
11111001
00010010
11110101
00000000
11111100
00000000
00001111
00000000
00000000
00011100
00000000
00010000
11110000
11101111
00001011
11111000
00100100
00000000
00000000
00000000
00000000
00000000
00011011
00000000
00001111
11100110
00000000
00000011
11100001
00100110
00000000
00001110
00000000
00000000
00000000
00000000
11111001
11101111
00100010
00001000
00000000
00101000
11100100
11111010
00000101
00100000
00000000
11111000
00000000
00000000
00000000
00000000
00000000
00000000
11111110
00000000
00000000
00000000
00000000
00000000
00000000
00100100
00001111
00000000
11101111
00010101
00000000
11111000
11111111
00011100
11100101
00000000
00000000
11101101
00000000
00010000
00010010
00010010
00001111
00001010
11101110
00000000
00000000
00001001
11110001
11101011
00000000
00000000
11110110
11110110
00000000
11111101
11110000
00011111
00001111
00000010
00000000
00000000
00000000
11100100
00000000
00000000
11110111
11111110
00000000
11011100
00000000
11110100
00000110
11110110
11100110
11111010
11110011
00000000
00000000
11110011