0000000011011110
0000000011110110
0000001101001000
0000001111101010
1111111101000000
1111111001000010
1111110111000010
0000000001110000
1111110011001101
1111110010100011
1111111111101111
1111111011110100
0000000000101000
1111111111110001
0000000000000000
0000000000000000
0000000000000000
1111110110001011
0000000110011101
0000001010010111
1111011111000110
1111110001110110
0000001001100011
0000000110011000
1111111000001001
0000010101110110
0000101011110000
1111111111110000
1111111001100001
0000000010001001
1111111111100010
0000000000000000
0000000000110000
1111111100011101
0000001010110011
0000001011000110
1111101100100010
1111110010110111
0000001001001111
0000011010001011
0000000100011111
0000010101110110
0000010010110011
0000000000111100
0000001111000001
1111111110110001
1111110111111011
1111110100011110
0000001001001100
0000000100101110
0000000100000111
0000000011011100
0000000010101010
0000001110010010
1111111011010010
1111111001001100
1111111100100000
0000001010010001
1111111000011110
1111110111100100
0000000101111010
1111101110101100
1111111000000111
0000000011111010
1111111101101010
0000000011011011
0000000000110010
1111111110011100
1111111111110000
0000001000011000
1111111100010010
1111110111110100
0000001001110011
0000000100001001
1111100111001011
1111101101111010
1111110101110100
1111100110111101
0000000001000110
0000001111010000
0000001110010100
0000000011010101
0000000011110011
1111110111110110
0000010000111000
1111101101110000
1111011000011110
1111110111011111
0000001011111111
1111101111000000
1111110001101010
0000011110111000
0000010001110001
1111111010010011
1111111100100000
0000000000111100
0000000000101010
0000000011100101
1111110010111111
1111101011111010
1111110110001111
0000000011001111
1111100010111011
1111110010000000
0000010000011111
1111111001101111
0000000011011110
0000001000001101
1111111000000010
1111110110101100
0000010000001011
0000000001110000
1111110001101010
1111110110011000
0000001000011011
1111111000011111
1111110100110101
1111111010010000
0000011000101000
0000001011000101
1111110111111111
0000000101010111
0000001010010000
1111110111101000
1111111101101111
0000000101111110
0000000010010000
1111111111001110
0000000110010010
0000000001001000
0000001001110110
1111101011010000
1111100001101110
0000000100001000
1111111101000000
0000001001101001
1111101011010000
0000000100101100
0000001110110110
0000010000110011
0000100000101001
1111111101010111
1111111011000100
1111101110011101
0000010110001010
0000001010011011
0000010101111100
1111111110111101
1111011101001000
1111101010101101
0000010001000100
0000000000100100
1111111000001101
0000010010011100
0000000000100110
1111110111000101
1111110010110101
1111110001010011
1111111100010101
1111111101101111
0000001010000000
0000001000000001
0000001010010110
1111110111010111
1111100011011011
1111111111110000
0000010111000011
0000011111101010
1111111010110011
0000000101110110
1111110111011110
1111111111010111
1111111011001001
0000000100101110
0000001011101100
1111101011011110
0000010011010011
1111111001110100
0000000011100110
1111110100000101
1111110110111111
1111111101010001
1111111111110011
1111110010000000
1111111010101110
1111110111001110
0000000100101101
0000000100010001
1111111111111101
0000001110010110
0000000000111110
0000000000010110
1111111111101010
0000000001100010
0000000100011000
0000010000000111
1111101111101001
1111110111100100
1111111011000111
0000010011001000
1111110110011000
1111100001101101
0000001111010001
0000000110110010
1111110010011011
0000010010111100
0000010100010101
0000000010011000
1111110001001111
1111101111101001
1111111110100100
1111111001100000
0000010110010100
1111011011101001
1111011000101111
0000000111000101
0000010001101000
0000011110011100
0000000101000010
0000000111111110
0000000010111110
1111111100000100
1111111101010111
0000000000100111
1111111010011010
0000000011000100
0000000100001000
1111111101010100
1111111101011001
0000000100000101
1111101111011000
0000001010011010
0000000010010110
0000010010001001
0000010000010000
1111111110110111
0000000000101001
1111011111001001
1111111000010111
1111111011110011
1111110011101000
0000000110001100
1111111111011111
0000000101011010
0000000010000011
1111111000010110
0000010010111111
0000001011001010
1111111110100010
0000000010111010
1111110010001110
0000001011110011
1111111011111010
1111111111011110
1111111001100100
1111111011110110
0000000100100100
0000000011000100
1111101011000110
1111011010111110
0000001001011001
0000011011001001
0000000100010010
1111110111011101
0000000101010000
0000000101101010
1111100011111100
0000001010000010
0000001110110001
1111111001000011
1111111001101010
1111101101001101
0000001000011001
0000010001000101
0000001010111010
1111111111000011
1111100011111110
0000001011001000
0000000100011110
1111101111111001
0000001110100010
0000010010000010
0000000000001001
0000000110101101
0000000011011000
0000000111101101
1111111110101110
0000000001010010
0000000111100000
1111111111111100
1111111111001101
1111111000100101
1111111010011110
0000010111101110
0000010010011101
1111111111001111
1111110101111101
1111110010100000
0000001010001111
0000000110000101
1111111010011001
0000001101001100
0000000000101101
1111111111011001
1111111100010001
1111110110100110
1111110111111110
1111110111100000
1111111111000010
0000000010000110
0000001100001011
0000001101100010
1111111001011110
1111111011110111
1111111100101000
0000000110011001
1111110100011001
1111111110010001
1111111111101111
1111111111011100
0000000100000011
0000010110010001
0000011101100100
1111111011101000
1111101101101110
1111101111011001
1111110101110000
1111111010010110
1111101111010010
0000000100110101
0000101110111010
1111111011101110
0000000011000101
1111111110011100
0000000011111011
1111111001101001
1111110011001110
0000001001000100
0000000101100111
0000010100010001
0000000010111101
1111101011001111
1111111100010010
0000000110100001
0000001101000111
0000010100111100
0000010000011100
0000001110000011
1111110101100001
1111111110111011
1111111111100100
1111111111001110
0000000010000010
0000000110001001
1111110111011111
1111110100011110
1111111101010011
1111101111001101
1111100111110111
1111110100111101
0000001001000011
0000001011011100
1111111001110111
1111101010101110
0000001011000100
1111101000100101
0000000010111000
1111101011100000
1111110110010010
0000001001010111
0000000010000101
0000000000101010
0000000001010010
0000000000010110
1111111101011010
1111111100110011
1111111111100000
0000000000101011
1111100100000110
1111101101111100
1111110001001101
1111111111100111
1111111110001000
1111111111110100
1111111101100001
1111110100000100
1111101101010101
1111111100000111
0000010001000111
0000000010011101
0000000001100101
1111111110110011
0000000010110101
1111101101010100
1111110000010010
0000011000011010
0000010010010010
1111111010101010
0000000111000010
1111111111011011
0000000101100111
0000000100100001
0000011011001010
0000011010100010
0000000100000010
1111111110011001
0000000000111011
1111110111010010
0000000101101010
1111110111111001
1111101100111000
0000001110001100
1111111011010100
1111111111110000
0000000111000011
0000000010000111
1111111111111111
0000000100001010
0000000010000100
1111111101111110
1111110100101111
1111111100111110
0000100001101000
1111111100010111
1111111100111011
1111110110010001
0000010010111010
1111110001110000
1111101011111111
0000001001100100
0000000010111111
0000000111101101
0000001111000011
0000010000000000
0000001010110000
1111111100111101
1111111110001110
0000000101110110
1111101100001010
1111111011001101
0000010010110000
0000000101001101
1111110100100001
0000001001010101
1111110101011101
0000000111011001
0000000100000011
1111111111111010
0000000011100000
0000001110111110
1111111010111011
1111100110011111
1111101010110101
1111111001111000
1111111110010010
1111111101010110
0000001000111010
0000011000000100
0000011100010111
0000000010110011
0000010010010000
1111101011100010
1111111011110001
0000000001011010
0000000010111101
1111111100010101
1111100011100001
1111100110001111
1111111010011111
0000001011001100
0000001111111000
0000001110010000
0000010101100010
0000010001100000
1111100010010111
1111110000000010
1111101010110010
0000000100011011
1111111100011001
0000000000011001
0000000110101110
0000000110100110
1111111000011110
1111111000000110
0000010000101111
1111111010000010
1111111000111100
0000000110101010
0000001001100001
1111110001000111
1111011100100010
0000010000011011
0000000000110110
1111100011110000
1111110000100100
1111110010111011
1111101011001010
1111111110111000
0000011011001001
0000000110111110
1111101111011101
1111111100110101
0000000111000110
1111111001000001
1111110010111111
1111111101001100
1111111000100101
0000010000010001
1111110001100100
0000001110001110
0000000101110010
0000000001100110
0000000001010000
1111111110111010
1111111101111110
1111111010110000
1111101110011000
1111111101010100
0000001101001111
0000000001011001
0000010010000010
1111110000111010
1111110111011000
0000010010110011
0000010100111110
0000011010101110
0000010001111100
0000000111111000
1111111000000110
0000001000111010
0000010000001101
0000010110001111
0000010000101001
1111110100001110
1111011101101110
0000000011100011
0000001110100100
0000000100011110
0000000100111011
0000001010100010
1111111101011000
0000001111000011
1111111111101101
0000000100111011
1111111110011010
0000000010100100
0000000001000010
1111111101111010
0000000001110110
0000001000110000
0000000100110110
0000001011000010
0000000100110111
0000000110110110
0000000100110011
1111110110000111
1111111000000110
1111111011001100
0000000000001010
1111110101100000
0000010000000101
0000000101100110
1111101001010011
1111110001111000
1111111001111001
1111111001011011
1111111111110111
0000001010111011
1111111100001101
0000000101101000
1111111011110100
1111111110000110
1111101111001010
1111111011000100
1111110010111010
0000000001110010
0000000001100110
1111111100001100
1111101010010000
0000001010110001
0000001111000001
1111111111101011
0000001100001111
1111110100000100
0000000001011100
0000010101001101
0000000000101110
1111111101101111
1111100010100101
1111100110111010
1111110000010001
0000000010111000
0000001101111011
0000001001100010
0000001101100010
1111110101000101
1111110101101010
1111111010010001
0000001110110101
0000001010010001
1111111110001110
1111110111100101
1111011110101000
1111110110110001
0000001110101001
0000001111010000
1111111101000111
0000000011101011
0000000011001000
1111111111111100
0000000000100110
1111111101000010
1111110001001111
1111110111100011
1111110110101001
1111110110001011
0000000101000111
1111110001011101
1111111100100110
0000001110110010
0000000011100100
1111111010110100
0000001000010010
0000010001101011
1111110110001100
0000001010000010
1111111011100011
1111111011010101
0000010101101000
1111110100010100
1111111000101001
0000000110010100
1111111010011111
1111111011000100
0000000001100100
0000001001110000
1111110111110100
1111111011110010
0000000110101101
0000000100110010
0000000000011100
0000000011101000
1111110001000101
1111101110001111
0000001110001000
0000001010011000
0000001100100000
0000000101110111
1111110001000011
0000000010001101
0000001100111110
0000011100110011
0000011110101100
0000000001111111
1111111000101011
1111101101000110
1111111010100111
1111101001101110
1111010010100001
0000000000000001
0000011110110100
0000011100100011
0000011010010100
1111110111000100
1111011100010111
1111101101011010
0000010011101010
1111110111010110
1111110110010100
0000000001001010
1111110111110100
1111111111011101
0000000001111000
1111111111100000
1111110010101001
0000000011000001
0000000101100011
0000000000010100
0000001011100110
1111111100111100
0000001111001110
0000000011001000
1111110011100101
1111111111000000
1111111101101101
1111111101101001
0000000100101100
1111111110100110
1111111011110110
1111111110111011
0000001101110100
0000000000000011
1111111000000010
0000001011011101
0000000110110000
1111111010111100
1111110100100010
0000000111000111
0000000011001011
1111101100110110
0000001101101100
0000000010001100
1111111111001100
0000000011011110
0000000100101000
0000000111001010
0000001011110001
0000000010000100
1111111000010111
0000000000111011
0000001101101100
0000001100000111
0000001001001000
1111101000001001
1111100101101100
1111100000001100
1111110001101001
0000011001111100
0000011101000001
0000001101110001
0000000000011111
0000001110110100
0000000111111110
1111101010101110
1111110001000010
1111101100011100
0000001111011100
0000011011111101
1111111111110001
1111111000101011
1111111000010001
1111110101001101
0000001001001100
1111111111100110
0000000011011010
0000000101011001
0000000011010100
0000000101110101
0000000001010100
1111110111010000
1111111111111010
1111100111101000
0000000010110010
1111111111000101
0000000010000000
0000010010110100
1111110000110000
1111101111110101
0000001110111001
1111111111010010
1111110110111100
0000000100100001
1111110111011010
1111111010000001
1111101001100101
0000001011101111
0000011000011100
1111110110100000
0000001100001110
0000000100000101
1111110101100001
1111111110111010
0000001110110110
0000001000100001
0000000111110100
1111110011010100
1111111100010100
0000000001100110
1111101001101110
1111100110100000
1111111001110010
1111111010010001
1111110010101001
1111111010101100
0000000100011010
1111111000011011
0000010001010000
1111111001000111
1111111100100010
0000000111010111
1111110111011010
1111110110111110
0000010101010001
0000001001100000
1111110110010001
1111110110100100
1111110000010000
0000001010010100
0000001111101111
0000001110001110
1111111111110011
1111100010001011
1111101000110111
1111110000001100
1111111011100011
0000000101100101
0000001101001110
0000000100111111
0000000000001110
1111111110111010
0000000010100101
0000001111000101
1111111111011100
1111111000011011
0000010000000011
0000010010000101
0000001101011000
0000010001110100
0000000001110001
1111110010110110
0000001000001111
1111110100110000
0000000000010011
0000001011111111
1111110010111011
1111110110100001
1111111101000000
0000000010110010
0000001000110000
0000001010110100
1111111000100001
0000000110101010
1111111001000011
1111111100111110
1111111100011000
1111101101000110
0000001001101101
1111110010101111
1111111100011110
0000000001011111
0000000001110000
0000000011111100
0000010011000110
1111110010100111
1111010111111111
0000000010110101
0000001100100111
1111111101001111
1111110101101000
1111111110011101
0000000101110011
1111110100110000
1111100000000001
1111110001110110
0000010110001000
0000001110110001
0000000000010000
0000001101000001
0000000011100101
0000000001001010
0000000111000001
1111111110011110
0000001010110011
0000000111011000
1111111011000110
1111111110111111
1111110001111100
0000010001011110
0000000101101110
1111111100110010
0000001101001010
0000000000111110
0000000000000000
0000000000000000
1111101111110101
1111110001000010
0000011001101000
0000000001110110
1111111000000101
0000001011100000
0000000100001001
1111111011011001
1111101110000111
1111110011000011
1111110100011110
0000001000000001
1111110110011011
0000000000010110
0000001011000001
1111110000010010
1111011111000011
1111110111001010
1111101111111111
1111110101101111
0000001011111100
1111110100100011
0000000001010100
0000000000110110
0000001011011011
1111111110000011
1111101010001110
1111110101100011
1111101111100111
0000000010100001
0000000001111000
0000000000000000
1111101111011111
0000001110010000
0000000011001101
1111100110001011
1111111001111000
0000000101111011
0000001111011111
0000001100011000
0000000111110111
0000000101100110
1111111111000101
1111110101000001
1111111011101011
0000001100101010
0000000100101000
1111111000101001
0000000101001101
0000000111011101
0000000010101110
0000001110110010
1111110111000000
1111111011011110
0000000011101000
0000000011000101
1111111000111011
0000000010110010
0000011100000011
0000001001000100
1111111001101010
0000000000100111
1111111110001001
0000000011111010
0000001100010110
1111111110000000
1111110010101101
0000001010001101
0000000000100100
0000000100100001
1111111010010101
0000000100110010
1111111111001110
1111101101111100
1111110111000011
0000001100000111
0000001101111111
1111111101001110
1111110101100100
0000000110110100
0000001001011011
1111101111101010
0000000010011101
0000000000111101
1111111010111011
0000000100000011
1111110111100000
1111111000110001
1111110100010011
1111111101100110
1111110111001110
0000000111000010
0000001110111101
0000000000111001
1111111101010110
0000000000111100
1111111110010000
1111101111000101
0000000100000010
0000000100111011
0000001011001111
0000001010111011
1111111100101011
0000000001011110
1111111001010110
1111111010000010
1111111010011010
0000000001001001
1111111111011111
0000000101000011
0000001011010100
0000000100110100
1111111011101100
0000001001000010
0000000100100011
1111110110110111
0000000100010110
1111111100110111
1111111011110101
0000000101000010
0000001001101000
0000000000110111
1111111000010010
1111111101110000
1111110110111110
0000000100011011
0000000010001111
1111111111001110
1111111000100000
0000000000110110
0000000011101110
0000000000111111
0000000011111000
1111111100101110
1111111111001010
1111110111010110
1111111110110101
0000000101010100
0000000101001000
0000000110000110
1111110011101111
1111111101001000
0000000010000100
1111110110000100
1111111101010101
0000000100010111
0000000100001100
0000001000111100
0000000101111011
1111111001011000
0000000000011110
0000000011010000
0000000010000000
0000000010101000
0000000001111110
1111111100100110
1111111110100011
0000000010100010
1111111111110110
0000000010110100