0000010110001100
1111101000010101
0000111001000001
1111111101010100
1111110100111111
1111110010100110
1111111000100100
1111101110001010
0000100011101011
1111111111001100
0000000011010000
0000011000100101
1111111001000110
1111111110010111
1111100101100110
0000001011001011
1111111010100100
0000010101001010
0000000001001111
0000001010101011
0000001011101001
0000110110010101
1111100011110011
0000001101011100
1111100111111100
0000001001010001
0000100100100111
1111110011011111
1111111110100011
1111001100101001
0000000101110111
1111011010111001
1111101011100010
0000000001110001
0000001010100001
1111101010111001
0000100010111111
1111111010010111
0000011000110011
1111110100110000
1111001011101110
0000001011101010
0000001101111001
1111111100010010
0000000000000111
1111100111100011
0000010100010010
1111101110111100
0000001101101010
0000000011101000
0000100011010000
0000001101001001
1111101001100010
1111101011100010
1111010101110000
0000001010010101
0000010001101010
1111110010011011
0000000010100001
0000001000100101
1111110001100011
0000000010100000
0000000001111110
0000001000101110
1111100010011000
0000000110000010
0000001111101110
1111111001110000
1111110110101111
0000010111111101
1111011101011100
1111110111111100
0000000010100000
0000001001000110
0000010110100001
0000011100011111
1111111101110100
1111101111010010
0000010111010110
0000001000110011
1111110100010011
0000000001001011
1111111100010000
1111100111001101
0000100100010001
1111010110000001
0000001101110101
1111110010110111
0000001100111010
1111111000101110
0000000011000110
1111101111010101
0000010010111100
0000001110101011
1111101100001110
0000101001110110
0000000011111101
1111110110111001
0000100100000110
1111111110101100
0000000110110000
0000001111011100
0000000001110011
0000001000000110
0000000000110111
1111110011010101
1111000100000011
1111100111111011
1111101101011111
0000001010000011
0000010000101100
1111101011101010
1111101111011001
1111101000000111
0000001011000001
0000000111111010
1111111010001000
0000100001000001
0000000011010001
0000010111011111
1111010101010111
0000011101111101
0000010110100100
0000001011101111
0000010010111101
1111111110110000
0000101110110110
0000011101001010
0000010110011001
1111110010000011
0000011100100110
1111101010100110
0000000110001101
1111101001101111
1111110010101011
0000011110110010
1111100010011001
0000001100001001
1111101111010010
1111011110000110
0000010110111110
1111111010000000
0000010111011000
1111110010100111
0000010011101011
1111111111101000
0000001010001100
0000000101001101
1111110110110000
0000000101010110
0000010100111010
1111101111111100
0000010010110101
0000010000010011
1111111101011110
0000001000110000
0000001010010110
0000001100010000
0000011000111100
0000010100010111
0000001101111100
1111010010010111
0000001100110100
1111111010100101
1111110010101101
0000100110101101
1111110101100101
0000100101110001
0000000001011010
0000010011010010
1111101111011010
0000101110010001
0000000111110110
1111101101100111
0000011100010011
1111100100110101
0000010100000010
0000010101000100
1111110111000101
1111100001101000
0000011111010111
1111001100101111
1111111101011010
0000100110010110
1111101011101000
0000111100111101
1111111000110000
1111101010011111
0000010110100100
0000000111000111
0000000010111000
0000011100110101
0000100101110010
1111110010010010
0000100100000010
1111111110011011
0000001000010000
1111111111101010
1111101010110011
0000001101111100
1111110000110000
1111111011001001
1111111101010101
0000001010001000
1111111001100101
1111110111110010
1111111110000101
0000100110110010
0000001100110011
1111101100101001
0000001100111001
1111100101111001
0000001000110100
0000000111010101
0000001010011100
1111111111010001
1111011110110100
0000000010001100
0000000101011110
1111111110111010
1111101110100000
0000000010100011
0000000000001101
1111110101010110
1111101110110101
0000011111000011
0000011111010110
1111110111100101
0000011000110001
1111000100011110
0000000011110011
1111101010000100
0000000100000100
0000001000111011
1111111101101000
1111111111111111
0000000000100100
1111110011001010
0000000101101110
0000000100110010
0000001110000010
1111111001011001
1111111001100001
1111111110001010
0000001001100100
0000010011010011
1111111110110101
1111011011111001
0000010000111000
0000110000110111
0000000010110010
0000001000100011
1111110011110101
1111111010001100
1111100111011010
0000100001010010
0000001111100010
0000001100101101
0000011101101000
0000001010001010
0000001010101101
1111111100101000
1111101100100100
1111110100010000
1111111111100000
0000010110011101
1111001111000110
0000000010110000
0000011110010110
1111100001001100
0000001011010001
1111100010000100
1111101010001100
0000011100000100
0000000010000111
0000001110110110
1111110001001000
1111101001010010
1111100111011100
1111110000111100
0000000010100010
1111111001010000
1111111100110100
1111100000001111
1111101001101000
1111110110010000
0000000111111100
0000010110011100
0000001110111000
1111100010000100
0000000111011011
1111110001000111
0000011001010011
0000011000101010
1111010011111101
1111110011011010
1111101001100100
0000000101111111
0000000110010100
0000001011110110
0000001001001010
1111110001111000
1111111001010101
0000010000110010
1111110111001101
1111111101101110
1111101100110001
1111100001000111
1111111001000111
1111110100101110
1111101101101110
0000110000101010
0000010100100111
1111100111001000
1111101100010001
1111100000110111
0000000001100000
1111110011011001
1111111000101111
1111110100100111
0000011011011101
0000100100000101
0000011010100010
0000001111101001
1111101011101101
0000010010011001
1111101000011000
0000100001000110
1111110100000001
0000001010101101
1111101101111110
0000000101110111
1111100101011011
1111101101010110
0000011001010001
1111110110011100
1111110101111001
1111011100110100
0000001001101100
0000010110101011
0000001110110110
0000010001101001
1111110010010000
0000100100100100
1111101010001001
0000000100100010
0000000111111111
1111110101110001
1111110000011111
1111110000101010
0000001101111101
1111111110001101
0000011011010101
1111110111000010
1111110010011001
1111010011100100
1111111101101101
1111101101111011
0000001010000111
1111110101011011
1111110110000000
0000011010111001
1111110001000101
0000000100011110
0000001001001010
0000000110010001
1111111110000101
1111011101001011
0000011011011000
0000011010101101
0000010011011000
0000000111000000
1111111011001101
0000001110001110
1111111111010011
0000001111111110
0000000111010110
0000010011100001
1111110011110110
0000001000111111
1111011110111101
0000001011111001
0000000001010101
1111111111001010
0000001101011010
1111011010101000
0000010100010100
1111101110111101
0000101010101001
1111111011010001
0000001001101101
0000010100010110
1111110101011010
1111111110111110
1111011000111001
1111110110010001
0000010001111000
0000000011101011
0000010110111111
0000010100010111
0000010100001011
0000001010011100
1111110110001101
0000000100001111
0000001101000001
0000000001010101
1111111001101111
0000010011111010
1111100110010111
0000010110001001
0000000111110110
0000001001000010
1111110100001011
1111100100110100
1111110110001101
1111011011010001
1111110111110010
1111111001010101
0000000110010101
1111111011000011
0000010011010011
1111111100101111
0000010000001000
0000011100011001
0000100000101010
0000010111011010
0000011000011100
0000001110101000
1111110010111110
1111111100100111
0000000011101010
0000010010001000
1111101011110000
1111101000110001
1111111111001011
1111111001010010
0000001011100111
0000001011110110
1111011111110010
1111110111001100
0000010101110011
1111100100100010
1111110111110110
0000000000001011
0000010111011001
0000100011100000
0000101001100000
0000001001001101
0000000100100011
1111110010100001
0000000010001000
1111111111100111
0000100101001010
0000001101110110
0000010000000101
0000000011100101
1111110011111010
0000001101010010
0000000010000000
0000001100000101
0000010000110011
0000010000111101
0000000010100001
1111101100011111
1111110010010110
1111100110010000
0000000001010111
0000011001000101
1111111010111111
0000011001001010
1111110100010100
1111100011000001
1111111000101011
0000001011010111
0000000001000010
0000000100100010
0000000011110011
1111101010011000
1111111101001110
0000001111100010
0000001000011100
1111111110100111
0000001000000001
1111100111101011
0000000000010111
1111111111111100
1111011110100001
0000100011111111
1111101100010011
1111111111000001
1111101001100110
1111101001110011
1111111011110001
1111110000001011
0000001010000000
0000000000001111
0000000111110100
0000000010010001
0000000000010100
0000100100101010
0000001001011111
0000000000100010
0000010101011001
1111111010101111
0000001000111011
0000000110011011
1111111001001100
0000001011101000
1111101111100000
1111110110100000
0000011011001010
1111100111001001
1111110010001000
0000000100001110
0000001101010101
0000011100010010
1111010101101101
0000100001100111
1111110101010011
1111101110011100
0000000001111010
0000001100111011
0000100000101110
0000010010111100
0000001111001000
1111101100001010
1111111101100010
0000000001101101
0000001101001100
0000001011101110
0000001001100001
1111100000011011
1111111011101111
0000001011100101
1111100101100010
0000001000010010
0000010001000110
1111110100010111
1111101010011101
1111111110101111
1111110010111100
1111111101101010
1111111001011010
1111011111001110
0000001100111110
1111111010000110
1111110111111111
0000001100001100
0000000100010011
1111111000101100
0000000010110101
0000000000011001
0000000111011011
0000001110100011
1111110111000111
1111101100111011
1111111010000101
1111101110001001
1111111000100001
1111111010110000
0000000111101001
1111101000000011
0000110011000110
0000000101000011
1111101111100110
0000010111101101
1111111100000010
0000000010010110
1111100011110110
0000001111011101
0000000100010010
1111100110111100
0000010101000001
1111111101000001
1111100111001011
0000001100011001