0000000001111000
1111111110101001
1111111100001000
0000000110110001
1111110010000101
1111111110101010
1111110100011000
0000011110110000
0000001100110000
0000010110011100
1111111001100100
0000000011101011
0000011111100011
0000000101001011
1111110001111100
0000001110001110
0000001110010111
0000001000101001
0000000000101110
1111110111000110
0000000111100111
0000010001011101
1111111010100001
0000000000100111
0000010110101111
1111110101111111
0000000101011000
0000000111010110
1111111011000101
0000000000111010
0000000010011111
0000000110000000
0000001011110101
0000010010001010
1111111000010011
0000010110101111
0000010110110001
0000001001010001
0000000111000011
0000010000100000
0000000101100001
0000000100000000
0000000110111101
1111111001100100
0000010010111110
0000000010001101
1111101111011001
0000000100111011
0000000010110001
1111110110100000
0000000010000010
1111111101101001
0000001101101000
0000010101100001
0000000101111100
1111111100110000
0000000010000001
0000000011100101
0000001100101000
0000011011111001
1111101000000000
0000001000110101
0000011001110000
1111111110101101
0000000001000110
0000001011010101
0000000100111001
1111111010001101
0000001001100101
1111101110100011
1111111101010011
0000000111000011
1111111000000110
0000000011101010
0000000001110000
1111111011100000
0000010000110100
0000001101000101
1111101101101110
1111111111001100
0000000011110011
0000000010001011
0000000011001101
0000010010110010
1111110111101100
0000000100100010
0000000101100010
0000000000011101
0000001001111011
0000010000010011
1111110101110101
1111111100001010
0000011011100000
0000001001101010
1111100000100110
1111111101100111
0000000111110000
0000001100110110
1111110110110111
0000010001110000
1111111010000100
0000000011110110
1111111101000100
1111111101110011
1111111000000010
1111111010110010
1111111001111011
0000000100111010
1111111011000000
0000000110011011
0000000011100001
0000001001010001
1111111111101000
0000001001001010
1111111111101110
0000000001000101
0000001011010100
0000000011011111
1111100111111000
0000010100001010
0000010100110000
0000001100011001
1111110111110101
0000001101010001
1111110101011001
0000000101000010
0000000000011000
0000010111010000
0000000001100011
1111110111110100
0000000011111001
0000000000111000
1111111101111101
0000000011111101
0000001111101110
1111111111110101
1111110010001101
1111111001101011
0000000101101101
0000000001000101
0000001010000110
1111101010111100
0000000111110110
0000010100111000
0000001100101101
1111110010011101
0000010010000000
0000000001000011
1111111001111010
0000010001100101
0000001001111010
0000001001111000
0000000010001011
0000001000011110
0000000101101101
0000001011001000
1111111101000001
0000001110111101
0000000011000101
1111101000101111
1111110110010101
0000001010001100
1111111101110101
1111101001111000
0000000000000111
1111111010000000
0000001010111100
1111110101010001
0000000001001010
1111110011100101
0000001000010101
1111111101101101
0000000111001111
0000001001111010
0000001010100110
1111111010111001
1111111100111001
0000010010010011
0000000110010000
0000010000101111
1111101101100110
1111111000100010
0000010011101100
1111101111101001
1111101100011011
1111110110100001
1111110011110001
1111111101001001
0000000100011101
1111101011000101
0000010101101100
1111111011011001
1111111101111101
1111101100100011
0000000101110000
1111110110001101
0000000101111100
1111101011000111
1111111001010001
0000000000100001
0000000000111110
0000000001110110
0000000011110100
1111111001101001
1111101000110101
1111111110010110
0000001010011100
1111100100101100
1111101010000011
1111110111000010
1111110001001101
0000001101000101
1111110010101001
1111111111011011
0000001101011111
1111111011010100
1111101001110000
1111111110011001
1111101001000011
1111111110100111
1111111001000100
1111100100010000
1111111100101100
1111111111000100
0000000110000110
1111110001011010
1111111110110010
0000000110100100
0000000011010111
1111111100011010
1111101111000000
1111111100100111
1111110101111101
0000001100010010
1111111101100100
1111101001110010
1111110110101100
0000001011001000
1111101110010001
1111111111100111
1111111111100010
1111111101001010
1111110100111111
0000000011101100
1111101100010001
1111111011010011
0000000011010101
0000000010001000
1111111111011110
1111101110111100
1111111000101010
0000000001100110
0000000001001010
0000000111011101
0000000010111100
1111111010011011
1111110010001100
0000001000000001
0000001001111110
1111111110000110
1111111001110100
0000000011000100
0000000011111001
1111111011001111
0000000111000001
1111110111111101
1111111100111101
1111110100110100
1111110110100000
1111111110001010
1111110110100100
1111111011000101
1111110111110011
1111101111001110
1111111001010100
0000001101001010
1111110000010111
1111111111011111
0000000000111001
0000000011000101
1111110010000010
1111110000010111
1111111111010010
1111111011000111
1111111100001011
0000001000111000
0000000000110110
1111100011001011
0000001110111100
0000000010011000
1111110000010100
1111111101010100
0000000001000100
1111101101001110
1111110110001111
1111110101100010
1111101000101110
1111101110000000
0000000111110110
1111111011111001
1111110100111111
0000000001100110
0000000001100101
1111110100001111
1111110111011111
1111111111110100
1111111110011100
1111111100100011
0000000000001001
1111111110100010
0000000100010110
1111111111111110
0000001001000110
1111111111111010
1111111111010000
1111110111001000
1111110101010011
0000000101001000
1111111011100001
1111101111011000
1111110010010101
1111111101011101
1111111011101100
1111110110011101
1111111011000110
0000000001110101
1111110111001010
1111100111101001
0000001001010111
0000000101000111
1111111011010010
1111111100000110
0000000010110010
0000000000001001
0000010011110000
0000001000000110
1111111101100101
1111110110000101
0000000001011100
0000000100100110
0000001100111000
1111111111010010
1111110110100001
1111111101100101
0000000101000001
0000000110011100
1111110010101010
1111111100001111
1111110100000110
1111111000011101
1111111011001100
1111111111001111
0000000101110110
1111111010000001
0000000001010011
1111111110001011
1111111110000101
0000001000000011
1111111010110010
0000000100101010
1111111001100011
1111110111000001
1111111110010111
0000001101111011
0000000111101000
1111110010101000
0000000001111011
0000001011011100
1111111011001100
1111110000000110
1111101001010011
0000001100000101
1111110111001010
0000000000111100
0000001010011011
0000000110111011
1111110000001010
1111111000100101
1111101110010011
1111111110010101
1111110111001010
0000010000100000
1111110100111000
0000010101001100
1111110001011111
0000001001100000
0000000100010101
0000000101100011
0000000101010000
1111111101111100
0000000100100011
0000000001110001
1111101111010000
1111011101100000
0000010010011101
0000000110101000
1111101100101010
0000000111011001
1111111000101111
1111101101101101
1111101110101011
0000000100000000
1111111101000111
0000000011011010
0000000010111000
1111111110111110
1111111100001100
0000001110110000
1111110110111100
1111111100011000
0000001001000011
0000000011111101
1111111110001111
0000000100110111
1111111011000011
0000000000001111
0000000110000111
1111101001101000
0000001010010010
1111101111111101
1111111001010000
1111111011000110
1111101110010101
1111110011001110
1111111110111000
0000000010100010
0000010100101011
1111110000011000
1111111111000100
1111111110101100
0000001001110001
0000001001100100
0000000110001101
0000000001001010
0000000011010000
0000001110010000
0000000011110010
1111111111010110
1111111001001010
0000001001000001
0000000001101000
1111101100111011
0000000010011101
1111110100011110
0000001101011001
1111111101000010
1111110100100011
1111111010100111
0000001110100111
1111111110101001
0000000111110010
1111110101001101
0000000111100010
0000001011110101
0000001111010001
0000010111001100
1111111101001000
1111111100010101
0000001001011001
0000010100000111
0000000010101010
1111110000100101
0000010010001100
0000000101110010
1111110001100001
0000000010110110
0000001000101110
1111111011010000
1111111010101111
0000000001111100
0000000100010000
0000000001101111
0000000010000000
0000000010011111
1111110100000111
0000000011101010
0000000011110100
1111111001001010
0000001111000000
0000010111110010
1111110000101000
0000001101000010
0000001101110011
0000000010011100
1111110110111111
0000000110111101
0000110000101101
1111101111010110
1111101101001101
0000011000010011
0000000001010010
1111111010010011
1111110111101000
0000000001000001
1111111100011001
1111111100111010
1111101111001111
0000000110000100
1111101111101000
0000010011010101
1111110011010010
0000000111010000
1111111101011110
1111110110001000
1111110100111110
0000000100110101
1111111100110111
1111101111101110
1111110011001010
0000100000000110
0000000101011010
1111011100011001
0000001110110100
0000000111100110
1111111001100110
1111101010110001
1111111100001010
0000000011000001
1111111111000110
1111101101110101
1111111001110011
0000000100011111
1111111010101111
0000000110101110
0000001010000000
0000000011010110
1111100111101011
0000001001100101
0000001110001111
0000000001100001
1111110101000111
1111110111101000
1111111001010100
0000001100111011
1111100101010111
1111110011110101
0000011010011100
1111001111111100
0000010000110100
0000000100010001
1111111111111000
1111110001100000
1111110010011100
1111101110001001
0000000110000011
1111111100000000
0000010001110001
1111101011001100
0000001000000101
0000000101000001
1111101001000111
0000011001011011
0000000011001110
0000001000000100
1111101100111111
1111011010110000
0000010011011001
1111110111111100
1111101100100010
0000101001010110
0000000001001101
1111011111001110
0000010000101000
0000010000000010
1111111101101000
1111100101001001
0000000000000111
1111111001110110
1111111011010111
0000000010111011
0000000110001110
1111111110011010
0000001100000001
0000010001010101
0000000101100001
0000000111000100