1111111111000011
0000000001101000
1111111110111011
1111111000111001
0000001000011000
0000000000000000
0000000000000001
1111111101010011
1111111110100111
1111111010001111
0000000100010101
1111111101011010
0000000100010001
1111111011111110
1111110111111111
0000000100000110
1111111101010110
0000000001000110
0000000001100010
1111111111111010
1111111111001000
0000000001000000
1111111101100010
0000000001101101
0000001000111110
0000001001101110
0000001001010000
0000000011010100
1111111101010001
0000000000000000
0000000010010011
0000000111001111
0000000101101101
0000000101100110
0000000011100011
0000000010001101
1111111101101101
1111111111101101
1111111111000101
1111111101110010
1111111011111000
0000000100110011
0000000010011010
1111111111100001
0000000000011010
1111111111100001
0000000000001011
1111111000011100
1111111111100100
1111111101100110
0000000101101101
1111111101000110
1111111100001101
0000000000000000
0000000000010101
1111111111001000
0000000000001001
1111111100111011
0000000110111001
1111111000111001
1111111010000011
0000000010001010
1111111011010110
1111110101110101
1111110010111101
0000001001101001
0000000110010011
1111111111011000
1111111110000101
1111111111001100
1111111011110111
0000000010101000
1111111011101011
1111111101001001
0000000110110001
0000000011110001
1111111100110011
1111111111000110
0000000010010001
0000000010000101
0000000111010111
0000001001000001
1111111000011010
0000000110011000
1111111110010111
0000001001000101
0000010011000000
0000010100010111
0000001001001111
1111111110010101
1111111110100100
0000000000111110
0000000010000011
0000000001010010
1111111111000010
1111111001110000
0000000111010101
1111111111111001
1111111101011111
0000000000111010
1111111101110111
1111111111100000
1111111101001010
0000000011001010
1111111110111100
0000000001011111
0000000000101100
1111111111110101
1111110101011010
1111111101010011
0000000000110001
1111111111111101
0000000000001000
0000000000010001
0000000000010011
0000000000001100
0000000010001100
0000000010000110
0000001010110000
0000010001100100
1111111111010011
0000000001111000
0000000011111111
0000000100011101
1111111001011101
1111111111011010
0000000000001110
1111111111101101
1111111101001000
0000000111001001
0000001010000011
0000000111101011
1111110011011011
1111111111000101
1111111111110010
0000000000001110
1111111111110100
1111111111101000
1111111111111000
0000000000011111
1111111110100100
1111111101000100
1111111111011100
1111111101010010
1111111100101110
1111110111000110
1111111011000000
1111111101110100
0000000010011100
1111111110011101
1111111101100011
1111111101000110
1111110100000011
1111110011000111
1111110011110111
1111111100101101
0000000100001100
1111111101111110
0000000000011010
1111111111001110
0000000000011100
1111111111001111
0000000001100010
0000000001000011
0000000001000000
0000000010001000
0000000010111111
1111111111010111
1111111101100110
1111111101110001
0000000000110010
0000000001101110
1111111101001110
0000000010110100
0000000101010110
0000000100010100
0000000010010101
1111111110001010
0000000001001000
0000000010011001
0000000010100101
1111111100000110
1111111111110110
1111111111010001
1111111111001011
0000000001011011
1111111110110011
1111111111000001
1111111011010000
1111111101000000
1111111111110000
1111111110101110
0000000001011101
0000000000010101
1111111101011010
1111111101000000
0000000000111000
0000000000101100
1111111101100110
1111111111011010
0000000000111000
1111111110000010
1111111010101010
1111111100101000
1111111110111110
0000000000101111
1111111111011110
1111111111000101
0000000000111111
1111111111011101
1111111111010110
0000000001010100
0000000000000000
0000000000000000
1111111111110100
0000000100000101
0000000000110011
1111111011000110
0000000001111100
1111111111101110
0000000011000110
0000000100001010
1111111100011000
0000000000010000
1111111111110010
0000000000000000
0000000000000000
0000000000000000
0000000000011100
0000000001001100
0000000000110000
0000000000100101
0000000000100110
1111111101010011
0000000000111000
1111111101001010
1111111010001001
0000000000001100
1111111101000011
1111110111000110
0000000001101000
1111111100010010
1111111111001000
1111110111011100
1111111100010000
1111111110110000
0000000001000110
0000000000000000
1111111111101000
0000000000001100
1111111111010110
0000000001010100
0000000001001110
0000000000000000
0000000000000000
0000000001100010
0000000110010001
0000000111010001
1111111011011001
0000000011111000
1111111100100101
1111111110111110
0000000010101000
0000000101110100
1111111110100110
0000000101100010
0000000100001010
1111111001111000
0000000000000000
0000000000000000
0000000000000000
0000000000000000
1111111111100010
1111111110111110
0000000001001110
1111111110111110
0000000000111110
1111111111110110
0000000000100011
1111111110111010
0000000000010000
1111111111100101
0000000010000111
0000000010100010
1111111010101010
1111111110110010
1111111101100100
1111110110000001
1111110001011111
1111111011000101
1111111110010000
0000000001100010
0000000000000000
0000000000000000
0000000000000000
1111111111011100
0000000000000000
1111111111000111
0000000001100000
0000000001010001
0000000001100001
0000000000110111
1111111110111111
0000000000110111
1111111110001100
0000000011011000
0000000111001011
0000001001001001
1111110011111010
1111111111100101
1111110110110111
1111111110110101
0000000001001001
0000000000100100
1111111110001100
0000000000111010
1111111100110101
0000000110010110
0000000101111001
1111111111010011
1111111110001111
0000000001010101
1111111011111111
0000000000111101
0000000100011111
1111111111111011
0000000000011001
0000000000011110
1111111001001010
1111101111111110
1111110101111000
1111111110000010
0000000111010111
1111111110111011
0000000101101011
1111111011001101
1111111110111010
0000000001010100
1111111101101111
1111111011000001
0000000101111001
1111111011000001
0000000011001011
1111111111100101
0000000000110101
0000000001011111
0000000011000010
0000000001000100
1111111111111111
0000000000101000
0000000001010101
0000000001011111
1111111101110100
1111111111010000
0000000000011000
1111111111100010
0000000010101110
0000000100101001
1111111111101110
1111110011010100
0000000000010001
1111111111101011
1111111110101001
0000000000011101
1111111101101111
1111111101010010
0000000101011100
0000000000011011
1111111111101000
1111111101001011
1111111110101011
1111111111010000
1111111100110000
1111111101000010
1111111110001000
1111111111011000
0000000000100011
1111111111000100
1111111101111100
0000000001100110
0000000000101010
0000001011101110
0000010000100110
1111111111100101
1111111111110100
0000000000000000
0000000001010111
1111111110100100
1111110111001101
1111111011001110
0000000101001110
1111111010110001
0000001000100001
0000000100010010
1111111100100110
1111111010110101
1111111110101011
1111111101111011
0000000100001010
0000000011110111
0000000001100000
1111111110101100
0000000100001100
1111110101001100
1111110010000000
1111110110100110
1111111001110000
0000000011111111
1111111111100100
0000000000000000
0000000110010110
0000010011111101
0000010000111001
1111111100100001
0000000011000101
1111111100101100
0000000011010100
0000000111111010
0000000000101000
0000000100001000
1111110110101000
0000000011110111
1111111100101111
0000000010000101
0000000001111000
0000000100101100
1111111011010110
0000000100101110
1111110101000100
0000001001110010
1111111111001100
0000001000100100
0000000000000111
0000000000000000
0000000000000000
0000000001101001
1111111111011101
0000000010101111
0000000011011011
1111111001011001
0000000000001100
0000000010010001
0000000101100011
0000000110000011
1111110101001111
1111111110100001
1111111110001110
0000000100011100
0000000000101100
0000000011110010
0000000110111110
0000000011100100
1111111101011010
1111111101001100
1111111001101000
1111111111010000
0000000000000000
0000000000000000
0000000000000000
1111111110010111
0000000100011000
0000001001010011
0000001010010000
1111110010010100
1111111011011100
1111111010100001
1111110110100001
0000000000011010
1111110101011011
1111111111100111
1111111111110110
0000000111111111
0000000100001000
0000000010110011
0000000111110000
0000001000010110
1111111011010110
0000000110000010
1111110110101000
1111111111001000
0000000000000000
0000000000000000
0000000000000000
1111111000010110
1111101011001110
1111110010111000
1111111010111110
0000000011100111
1111111110100110
1111110001011110
1111111011011100
1111111011111111
0000010010000000
0000000010100101
0000000001010110
1111111111110011
1111111000010011
1111110101011101
1111110010111010
1111101111011001
1111110110001110
1111111000110001
0000000001000010
0000000001101000
0000000000000000
0000000000000000
0000000000000000
0000000000000000
0000000000000000
0000000000000000
0000000000000000
0000000000111100
1111111111101100
0000000001100100
0000000000101101
1111111101001100
1111111111001000
1111111011101100
0000000101111000
1111111110000000
0000000000111100
0000000111101001
0000000111011011
1111110110000001
0000000011010001
1111111101100011
0000000000001000
1111111111011000
1111111110100000
0000000000110000
1111111101011000
0000000101010000
0000000100111000
0000000000000000
0000000000000000
1111111111000100
0000000010100000
0000000101010100
0000000111000111
1111110100011101
1111111001000110
1111111001011001
0000001010011000
1111110111110101
1111110100000011
0000000001010101
1111111101111101
0000000011000001
0000000001110010
1111111100110100
1111111111000000
1111111101111000
1111111110001000
1111111011111000
0000000100111000
1111111011111000
0000000010101000
0000000000000000
0000000000000000
1111111011101000
1111110100001000
1111111000100000
0000000010111110
0000010000101101
0000001010111010
0000000111011111
0000001000001110
1111111111000000
1111111111100100
1111111101101100
0000000010011000
0000000101000011
0000000101110001
1111111001011000
0000000100111110
0000000010100100