1111110010001110
0000010110011000
1111110001010001
1111100111000001
0000011011101110
1111111100111101
1111111000101111
1111111010101101
0000000100011011
0000000101110011
1111111111101110
1111110100010001
0000010101111001
0000010000101010
1111111100001000
0000000101110110
0000000011000111
1111110011101101
1111101111010000
0000001101011001
0000000010010010
1111111000010010
0000001000110110
1111110101111001
1111111100110101
0000000001001000
0000011000110101
0000000101010000
1111100000111110
1111101000011000
0000011100001100
0000000011100100
1111101001101001
0000011110100101
0000001001001010
1111100000100010
0000000101011011
0000100101011010
1111110110100100
1111110001010101
1111100110000111
1111111110110011
0000000110110001
0000000000111001
1111111001001101
0000000011011111
0000000101100010
0000001010011000
0000001100011011
0000011011110011
0000000001000011
1111011000001100
1111110001001010
1111110001101111
0000011011100010
0000010100011001
1111101110111101
0000001010010000
0000010000011010
1111111011000010
0000000101000110
1111111000100001
0000001000110000
1111111111111000
1111111100010011
0000001001110001
1111111110001101
1111110010000100
1111111001001001
0000001001111111
0000001100010010
0000000100100011
1111110010110000
0000010000111011
0000000010001110
1111100101000111
0000000011101100
0000000111100100
0000001010010111
1111111101101101
0000001001011100
1111111100011001
0000000000101101
0000010100000101
1111110101000011
1111011110101100
1111111110110000
0000000010100101
0000001000010001
1111110000111001
1111110010101100
0000000011001100
0000000110101010
0000000000100111
0000000011101110
1111111111001101
1111111100100001
1111111111100010
1111111000111001
0000001000001101
1111111010101110
0000001000101000
1111111110110011
1111111110111101
0000011011100100
0000010001001100
0000000100010101
1111100010000100
1111101011011011
0000010001010011
1111111110100100
0000000110001001
0000100010011100
1111110110001111
1111111000011001
0000001111110010
1111111000101000
1111111110000000
0000000011000110
0000011010100111
1111110101001110
1111110100001011
1111111111101010
0000001010000001
0000010000101010
1111110110100011
0000000011010000
0000010010111011
1111111101110100
1111100110100011
0000001100011111
1111111011101110
1111110011111101
0000001010000011
0000000110100101
0000000001110010
0000000101010001
1111110111111001
0000000100111010
0000000011000100
0000000000100011
1111111001110010
1111110111110001
0000011100001110
1111101110110100
1111111000110111
0000001100100000
1111111101110111
0000000110101011
1111110110011100
0000000011101110
0000000110100011
1111101100010011
1111111010100101
1111111011010000
1111111001001011
0000001011111100
0000000000101100
0000000011111101
0000000000001111
0000000110000001
0000001011110110
1111111001100001
1111111011100010
1111111111010101
1111111111010010
0000000100010110
1111110001010111
0000000100001000
1111111010100111
0000010000010100
1111110111101000
1111110111011000
0000001011101000
1111110100001000
1111110101110100
1111101111000110
0000001110101100
1111101101111010
0000001010111101
0000101010111010
0000000010001101
1111111000111110
0000001001110001
0000011000010100
0000001001110011
1111011111110011
1111101011111001
0000011101001010
1111111110011011
1111101010110111
1111111011101010
0000000000111101
0000000100111100
0000000011000110
1111110100100010
1111110101011101
0000010111111000
1111111011010101
1111101000010010
1111110100101101
0000000000011000
1111111010011011
0000010110010001
1111111001011010
0000000010100001
1111110110110011
0000000000101000
1111111100110100
0000001001011000
0000000101111111
1111101010001101
0000000010111011
0000000000111101
1111110101100000
0000000001110110
0000001001101110
1111111100111101
1111111011011101
1111110110100001
0000010011110110
1111111100000001
1111100011100001
0000000110111101
1111111111101011
1111111111110001
0000001000111010
0000010111000000
0000000001000001
1111111010111000
1111111111001010
0000000101111100
1111110000100110
0000000101101010
0000001011110111
1111111000010100
1111111110010110
1111110101001110
1111111110000000
1111111101101011
0000000011100010
0000000000000000
0000001010000110
1111110000011101
0000000101100100
1111101011101101
1111111100101000
0000100010101100
1111110011110101
0000000101110111
0000011101001010
1111110100011100
1111100000111001
1111101011010000
0000010101000010
0000001000110101
1111100011111101
0000010000111110
1111110010010010
0000000000111011
1111110110100111
1111111101010011
0000001000110010
0000000110010000
1111110011010010
0000000011010001
0000001000000000
0000001000011010
1111101010000011
1111101100001010
0000011111011100
0000011111111000
1111111010111110
0000000101011001
0000000110111110
1111110110011000
1111111100101000
0000010100100110
0000000010100100
1111101101001100
0000001010000110
0000000010110100
1111110110001010
0000010101010100
1111111110111101
0000000001000111
0000001000110111
1111110111111000
1111111000110100
0000000100000011
1111111010100010
1111111000000111
0000001111001011
1111110100111010
0000000011101011
0000001100101100
0000001001100100
1111111000001111
1111111001101001
1111101100001000
0000000011011100
0000001111011011
1111101001001111
1111111001110111
0000010110010011
0000001110110101
1111111011100100
0000000010110111
1111110101011110
1111111111111000
0000001111001010
1111110010101010
0000000100011010
0000010001000010
1111110111100001
0000000101011001
0000000001000110
0000001111001101
1111111011111110
0000000010010101
0000010110000000
1111111001111001
0000000111000011
1111111001101000
0000000101000000
1111110011001100
1111111110100011
0000001011010101
1111111010110000
0000011011001011
1111110010010101
1111100101100000
0000000101111000
0000000011110011
0000010010000010
0000000010010000
0000000101000000
0000010001011111
1111110001001011
0000001101010100
1111100011010101
0000101110101001
1111111010010000
1111100000010101
0000001011110001
0000000100000010
1111111101110000
0000001000000101
1111111101010001
1111101100010011
0000000001100011
1111111010010111
1111111101011110
0000011001010100
1111110000110001
1111110111111010
0000010000100011
1111110011000010
1111110011111000
0000000111110110
1111111100111110
1111111110011011
0000000111100100
1111111110111001
0000000000100000
0000001110010100
1111110001111001
0000010000100100
1111110111011110
1111111010100011
1111111101110000
0000010000100010
1111111001011000
0000000110110001
1111111011010010
1111101100101111
1111110111011111
0000000100100100
0000001100110100
1111110111110101
1111111100011110
1111110110001011
1111110010001111
1111110001101111
0000010101010011
1111111010100111
1111110110110111
1111110011100101
1111110110010010
0000001100011111
0000001000111001
0000000010001110
1111110010100000
1111110010001101
0000000110010001
1111111000111111
1111111001010011
0000001100111111
0000000001100000
1111110111010111
0000000100001111
1111111111101111
0000001000111001
1111101110001110
0000000011010010
1111111011001110
1111111110010110
1111111010001001
1111111101111000
1111101110110000
1111110110001010
0000010010011000
1111110000101111
0000010101000001
0000000111111101
1111101110101101
0000000111110001
0000010010000110
1111110101011101
1111111100110100
1111111111000010
1111110100100010
0000000110011001
0000001100101100
1111111110100100
0000001110111110
0000000010011010
1111110010110111
1111101100100011
0000001010001010
0000010101100011
1111110000100101
1111111011110000
0000000001110000
0000000111000010
1111111011110000
1111110100101110
1111111001100100
1111111110101011
0000001101000001
1111111110001101
1111111010100111
0000010011001110
1111111110000101
1111110100110110
1111111001100011
0000000110111100
0000000100101000
1111111100000101
1111111111010101
1111111101101000
1111110111000001
1111110101111011
0000000010101000
0000010010100010
0000000000001101
1111110110100001
1111110000100010
0000011010010101
1111101001101000
0000000010110000
1111111111011001
1111110100111011
0000011101001101
0000000000001000
1111100100100101
0000100110111000
1111110100001100
1111110001110001
0000001000010011
1111101110001110
0000000111110011
0000000111001011
1111110111100111
0000000100011111
1111101111100010
0000000100011001
1111111011010001
0000001010110100
0000010101011000
1111110110011001
1111110110100101
0000010110011101
1111101100100001
0000000110001111
0000001000011000
0000000111110111
0000010011001101
1111111010110111
1111011011011011
0000000110011110
1111111011110011
0000010001010111
0000000110000101
1111101100010110
1111111111010111
0000000000111111
1111111001001110
0000000000000001
1111111010000110
1111101111110011
0000010000001101
0000001111011100
1111110100011001
0000000001001011
0000001011000010
1111111111101100
1111101011101001
0000000101000111
0000000100000001
1111111101010011
0000001110110011
0000000010011000
1111101011100101
1111101110011011
1111111011111110
0000011101011011
1111110100110111
0000000000000111
1111110110100101
1111111010110111
0000000110001001
0000001111011011
0000000011110100
1111110110011001
0000000011001010
0000100000001001
1111110100110011
0000000111010101
1111110101011001
0000000000010100
0000000101111110
1111110111101010
1111111000010011
1111111011011110
0000000101011011
0000010001000001
1111101111101100
1111110010000101
1111111100111000
0000000111010100
0000000000001100
0000000101001111
0000001000000010
0000000111111100
1111111101101001
1111111000111111
0000011100010111
1111111110100110
1111100100111100
0000000001100101
0000001101101011
0000010110000011
0000000000010101
1111101101001011
0000001110100101
0000001111000000
1111101100011000
1111110001100100
1111110011000011
1111111110110111
0000001110010111
0000000010010100
1111111010001000
0000010010011100
1111111001010001
1111111000011010
1111111000011110
0000000011110101
0000000011010010
0000000011110011
0000000011110001
0000000101110111
1111111101110010
1111101001100110
0000010101010110