00000000
11101000
00000000
00000000
00000000
00011011
00000000
00000110
00000000
11101100
00000000
00000000
00000000
00001010
00000000
00000000
00000000
00000000
00100010
00000000
11111000
11110100
00001001
00000000
11110011
00000000
11100011
00000111
00000000
00000000
00000000
00000000
00000000
11101100
00000011
00000000
00000000
00000000
11110010
00000000
00000000
00000000
00000111
00000000
00000000
00000000
00000000
11111111
00000000
00001110
00000000
00000000
00000010
11101101
00000000
00000000
11111010
00001000
11111100
00001111
11111010
00010001
00000000
00000000
00011111
00000000
00000000
00000000
00000000
00001011
00000000
00000011
11110110
00000000
00000000
00000000
00000101
00000000
11111010
00001111
00000000
00000000
00000000
11110100
00000000
11101000
00000000
00000000
00010110
00000000
11111011
11111010
00000000
11100011
00000000
00000000
00001111
00000000
11011111
00000000
11110000
00000000
00000000
11101010
00000000
00000000
11101010
00000000
00010100
11111111
00000000
11110110
00000000
00000000
00000100
00000000
00000000
00000000
00000000
00001010
11110110
00000000
00000000
00000000
00000000
00001010
11110110
11101101
11111001
00000000
00000100
00000000
00000000
00000000
11100111
11110000
00010001
00100001
00000000
00001011
00000000
00000000
00000000
00000000
11101101
00000000
00000000
00000000
00001011
00001100
00000000
00000000
00000111
00000000
11111000
00000000
11101111
00000000
00000000
11110111
00000001
00000000
00000100
00000000
11111110
00001001
11110111
00000000
00000000
00000000
00000000
00001011
00000000
00001110
00001110
00000101
11110010
00000000
11101101
00001100
11110011
00000000
11111100
00000000
11101100
00000110
00000000
00000000
00000000
00000000
00011010
00000000
11111001
00000000
00000000
11101110
00000000
00000000
11110111
11111001
00000000
11111001
00000000
00000110
00000000
00010001
00000000
00000000
00000000
00000000
11111101
00000000
00000000
00000000
00000000
00000000
00000000
00000000
00000111
11110100
11111000
00000000
11110110
00000101
11111001
00000000
00000000
00011001
00000000
00000000
00000000
00000000
11111110
00001111
00001101
00010100
00000000
00000000
00000101
00000000
11101011
00000000
00000000
00001000
00000000
00000000
00000000
00000001
00000000
00000000
11110010
00000000
11110010
00000000
00010001
00000000
00000000
00000000
00000000
00000000
00000000
00000000
00000000
00000010
00000000
00000000
11111001
00010100
11111010
11111011
00000101
11011111
00000111
00000000
00010011
00000000
00000000
00000000
00000000
00000010
11100101
00000000
00000110
11110100
00000000
00000000
11110111
00010011
11111000
00001110
00001100
00010110
00000000
11110100
00000011
00000000
00000110
00010111
00000000
00000000
00000110
00000000
00001001
00000000
11110110
00010110
00001001
11111100
11111100
00000000
11101011
00010010
00000000
00000000
00000000
00000000
00011101
00000110
00000011
00000000
00011100
00001010
00000000
00000000
00000000
00010010
00000011
00000000
11111010
00000000
00000110
00000000
00000000
00000000
00000000
00000000
11110111
11111110
00000000
00000000
00000000
00000000
11110000
00000000
00000000
00000000
11110101
00000000
00000000
00000000
00000000
00000000
11100101
11111011
00000000
11110010
00010001
00000000
00000010
00000000
00000000
00000000
00000000
00010100
00000000
00000000
00000000
00000000
00000000
00000000
11101011
11101010
00000000
00000000
00000000
11111011
11100111
00000000
00000000
00101011
00000000
00000000
00000000
00000000
00001110
00000000
00000101
00000000
00000000
00000000
00000000
00000000
00000000
00000101
11111101
00000000
00010001
00000100
00010001
11101110
11111110
00000000
00000000
00000000
00000000
00000000
00000000
00000000
00000000
00000000
00000000
11111011
00000000
00000000
00001001
11110111
11110111
00001000
00000000
00000000
00000000
11110000
00000000
11101100
00000000
00000110
11111011
00000000
00000000
11101110
11110111
00000000
00011000
00000000
00010111
00000111
00000000
11111101
00000000
00000000
11111001
00011010
00000000
00000000
00000000
00000000
00000000
00010010
00000000
00000000
00000000
00001000
00000000
00000000
00000000
00011001
00100110
11111110
00000000
11000100
11110010
00000000
11111010
00100101
00001111
11110110
00000000
00000000
00000111
11101000
00000000
00000000
00000000
11100010
11101011
00000100
00000000
00000000
11110110
00011111
00000000
00000000
00000101
00000000
00010101
00000000
11101000
00000000
00000000
00100000
00000000
00000000
00000000
11101001
00010111
00000000
00000000
00000000
00000000
00000000
00000000
00010001
00000000
00000101
00000000
11110101
00000000
00000000
00000000
00000000
11110111
11110001
00000000
11111000
11111000
00000000
00000000
00000000
00000000
00000000
00000000
00000000
00000000
00000001
11111100
00000000
00000000
11101111
00001000
00000000
00000000
00000000
00000000
00000000
00000000
00000000
00000000
11111111
00000000
00000000
00000000
11101110
00000000
00000000
00000000
11110011
11110110
00000000
11111000
00000000
00000000
00000000
11101100
00000000
11110100
00000000
00000000
11110111
00000000
00000000
00000000
00000000
00000111
00000000
00000000
00000000
00001000
00100110
00000000
00000000
00001000
11101111
00000000
00000000
00000000
00000000
00000000
00000000
00000000
00000000
00010000
00000000
00000000
11110011
00100110
00000000
00000000
00000011
00000000
00000000
00000000
00000100
00001111
00001010
00000000
00000000
00000000
00000000
00000110
00000000
11111000
00000000
00001001
00000000
00000000
00000000
00000000
00000000
11111111
00000000
00000001
00000000
00000000
00001101
11111001
00000000
00000000
00000000
11110001
00010011
00000000
00000000
00001111
11101000
00000000
00000000
00000000
00010011
00000000
00000000
11111110
00000000
00011110
00000000
00000000
11111000
00000000
00000000
00001110
11101101
00000000
00000000
00000000
00000000
00000000
00000000
00000000
00000000
00000000
00000000
00000000
11111000
00000000
00010100
00000100
00000000
11101110
00000000
00000000
00011100
00100101
00000000
00000000
00000000
00000000
00000000
00000000
00000000
00000000
11110101
11111000
00000000
00000000
11110011
11111010
00000000
11111110
00000110
00000000
00000000
00000110
00001001
00000000
11111111
00000000
00001010
00000000
00000000
00000000
11110101
11111001
00000010
00000000
00010001
00000000
00000000
00010101
00001001
00000000
00000000
00010100
00000000
00000000
00000000
00000100
00000000
00000000
00000000
00001010
00000000
00000010
00000000
00000000
00000000
00000000
00000000
00000000
00000000
00000110
00000000
00000000
11101110
00101010
00000000
00000000
00000000
00000000
00000000
00000000
00000000
00000000
00000000
00000000
00000000
00000000
11101000
11100011
00000000
11110110
00001011
00000000
00000000
00010110
00000000
00000000
00010100
00000000
11110101
00000000
00001000
00001001
00000000
00000010
00000000
11110110
00010001
00000000
00000000
11111100
11111111
00000000
00000000
11010110
00000000
00000000
00000000
00000000
00000000
11101110
00000000
00000000
00000000
00000000
11110001
00011100
00000000
00000000
11111111
11110001
00000000
11110001
00000000
11111101
00000000