00001111
11110110
00000000
00000000
00000000
00000000
00000000
00000000
00000000
11011010
00000000
00000000
00000000
00000000
00000000
00001101
00000000
11110110
00000000
00000000
11101011
00000000
00000000
00000000
11100100
00000110
11110110
00000000
00000000
00000000
11111100
00000010
00000000
00000111
00000000
00000000
00000000
11101110
00000000
00000000
00000000
00000000
00000000
00000000
11110001
00000000
00000000
00011010
00000000
00000000
00000000
00000000
00000000
00000000
11111101
00000000
00000000
00000000
00000000
00000000
00000000
00001011
00000000
00000000
00000000
00000000
11111000
00000000
00000000
00000000
00000000
00000000
00000000
00000000
00000000
00000000
00000000
00000000
00000000
00000000
11111110
00000000
00000000
00000000
00000000
00000000
00000000
00000000
00000000
00000000
00000000
00000000
00000000
00000000
00000000
00000000
00000000
00000000
00000000
00000000
00001100
00000000
11111110
00000000
11111011
00000000
11100111
00010010
00000000
00000000
00000000
00010111
00000000
00000000
00000000
00001110
00000000
00000000
00000000
00000000
00000000
00000000
00000000
00000000
11111110
00000000
00000000
00000000
00000000
00000100
00000000
00000000
00000000
00000000
00000000
00000000
00000000
00000000
00000000
00000000
00000000
00000000
00000000
00000000
00000000
00000000
00000000
00000000
00000000
00000000
00000000
00010101
00000000
00000000
00000000
00000011
00010000
00000000
11110010
00000000
00000000
00000000
00000000
00000000
00000000
00000000
00000000
00000000
00000000
00000000
11110000
00000000
00000000
00000000
00000000
00000000
00000000
00000000
00000000
00000000
00000000
11111011
00000000
00000000
00000000
00000000
00000000
00000000
00000000
00000000
00000000
00011111
00000000
00000000
00000010
00000000
00000000
00010011
00011001
00000000
00000000
00000000
00000110
00000001
00011101
00000100
00000000
00010110
00000000
00000000
00000000
11110011
00000011
00011010
00000000
00000000
11110101
11101001
00000000
00000000
00000000
00000000
00000000
00001100
11111111
00000000
00000000
00000000
00000000
11111000
00000000
00000000
00000000
00000000
00000000
00001111
00000000
00000000
00000000
00000000
00010000
11110101
00000000
00000000
00001010
00000000
00000000
11110110
00000000
00000000
00000000
00000000
00000000
00011011
00000000
00000000
00000000
00000000
00000000
00001111
00000000
00000000
00000011
00000000
00000000
00010000
00000000
00000000
00000000
00010111
00001101
00000000
00000000
00000000
00000000
00000000
11111100
00000000
00000000
11110110
00000000
00000000
00000000
00000000
00000000
00000000
00000000
00000000
00000000
00000000
00000000
00010100
00000110
00000000
00000000
00000100
00000000
00000000
00000000
11010110
00000000
00000000
00000010
00000000
00000000
00000000
00000100
11111111
00000000
00001111
00010101
11110100
00000000
11110001
00000000
00000000
00000000
00001001
00000000
00000100
11101111
00000000
00000000
00000000
11100000
00000000
11111111
00001101
00000110
00000000
00000000
00000000
00000000
00000000
00000000
00000000
00000000
00011011
00000000
11011110
00000000
00000000
00000000
00000100
00000000
00000000
00000000
00001111
00100101
00000000
00010111
00000000
00001111
00000000
11111010
11110111
00000000
00000000
11111100
00001010
00000000
00000000
00000000
00000000
00000000
00000000
11101100
00000000
00000000
00000000
00000000
00000101
11111111
00000000
00100001
00000000
00000000
00000000
00000000
00000000
00000000
00000000
00000000
00000000
00000000
00000000
00000000
00001100
00000001
00000000
11111101
00100011
00000000
00010111
00000000
00000000
00000000
00000000
00000000
00001010
00000000
00000000
00000000
00000000
00100000
00000000
00000000
11101001
00000000
11100011
00000000
00000000
00000000
00000000
00000000
00000000
00000000
00000000
00000000
00000000
00000000
00000000
00000000
00001100
00000000
00000000
00000000
00000000
00000110
00010110
00000000
11110111
00000000
00000101
00011000
00000000
00000000
00000000
00000000
11111010
00000000
00001010
00000000
00000000
11110010
00000000
00000000
00000000
11111000
00000000
00000000
00000000
00000000
00000000
00000000
00000000
00000000
00000000
00000000
00000100
00000000
00000000
00000000
00000100
00000000
00000000
00000000
00000000
00000000
11111000
00000111
00000000
00000000
00000000
00000000
00000000
00000000
00000000
00001000
11111011
00000000
00000000
00000000
00000000
00000000
00000000
00000000
00000000
00000000
00000000
00000000
00000000
00000000
00000000
00000000
11110110
00000000
00000000
11100100
00000000
00000000
11101000
00000000
00000000
00000000
00001011
00000000
00000000
00000000
11110000
00000000
00000000
00000000
00000000
11101101
00000000
00000000
00000000
11110011
00000000
00000000
00000000
00000000
00000000
00000000
00001011
00000000
00000000
00000000
00000000
00100001
00000000
00000000
00000000
00000000
00000000
00000000
00000000
00000000
00000000
00000101
00000000
00001011
00000000
00000000
00000000
00000000
00000000
00000000
00000000
00000000
00000000
00000000
00000000
00000011
00000000
00000000
00000000
11110111
00000000
00000000
00000000
00000000
00000010
00000000
00000000
00000000
00000000
00000000
00000000
00000000
00001001
00000000
00000000
00000000
00000000
00000000
00000000
00000000
00000000
11111111
00000000
00000000
00010110
00000000
00000000
00000000
00000111
00000000
00000000
00000000
00000000
00000000
11110001
00000000
00000100
00000000
00000000
00000000
00000000
00000000
00000101
00000000
00000000
00000000
00000000
00000000
11111001
11101111
00000000
11001000
00000000
00000000
00000000
00001001
00000000
00000000
00001011
00000000
00000000
00000000
11110101
00000000
00000000
00000000
00000000
00000000
00000000
00000000
00000000
00000000
00000000
00000000
00000000
00000000
00000000
00000001
00000000
00000000
00000000
00000000
00000000
11101110
00000000
00000000
00000000
00001100
00000000
00011111
00100001
00000000
00000000
00000000
00000000
00000000
00000000
00000000
00000000
00000000
00000000
00000000
00000000
00000000
00000000
00000000
00000000
00000000
11110010
11110000
00000000
00000000
00000000
00000000
00001011
11110011
00000000
00000000
11101110
00000000
00000000
11110000
00000000
00000000
00000000
00000000
00001010
00000000
00000000
00000000
00000000
11110110
00000000
00000000
00000000
00000000
00000000
00000000
00000000
00000000
00001100
00000000
00000101
11100101
00000000
00000000
00000110
00000000
00000000
00000000
00000000
00001010
00000000
00000000
00000000
00000000
00000000
00010000
00000000
00011011
00000010
00000000
00000000
00000000
00000000
00000010
00000000
00000000
00000000
00000000
00010101
00000000
00000000
00000000
00000000
00000001
00000000
00000000
00000000
11111000
00000000
00000000
11111000
00001000
00000000
00000000
00000000
00000000
00000000
00000000
00000000
11110001
00000000
00000000
00000000
00000000
11111111
11111110
00000000
00000000
00000000
00000000
11111100
00000000
11101111
00000000
00000000
00000000
00000000
11111010
00000000
00000000
00000000
00000000
00000000
11111101
00000000
00000000
00011010
00000000
00000000
00000000
00000100
00000000
00000000