00000000
00000000
11111001
00000000
00000000
00000000
00000000
00000000
00001000
00000000
00000000
00000000
00000000
00000000
00000000
00000000
00000000
11100101
00000000
00000000
00000000
00000000
00000000
00000000
00000000
11100111
00000000
00000000
00000000
00000000
00000000
00000111
11101110
00000000
00000000
00000000
00000000
00000000
00001100
00000000
00000000
00000000
00000011
00000000
00000000
00000000
00000000
00000000
00000000
00000000
00000000
00000000
00000000
00001011
00000000
00000000
00000000
00010001
00000000
00000000
00000000
00000000
00000000
00000000
00000000
00000000
00000000
00000000
00000000
00000000
00000000
00000000
00000000
00000000
00000000
00010000
00000000
11111000
00000000
00001110
00000000
00000000
00000000
00000000
11111100
00000000
00000000
00000000
00000000
00000000
00000000
00000000
00000000
00000000
00000000
00000000
00000000
00000000
00000000
00000000
00000000
00000000
00000000
00000000
00000000
00000000
00000000
00000000
00000000
00100100
00000000
00000000
00000000
00000000
00000000
00000000
00000000
00000000
00000000
00000000
00000000
00010000
00000000
11011110
00000000
00000000
00000000
00001101
00000000
00000000
00000000
00000000
00000000
00000000
00000000
00000000
00000000
11111000
00000000
00000000
00000000
00000000
00000000
11101110
00000000
00000000
11110111
00000000
00000000
11111010
00000000
00000000
00000000
00000000
00000000
00000000
00000000
00000000
00000000
00000000
00000000
00000000
00000000
00000000
00000000
00000000
00000000
00000000
00000000
00000000
00000000
00000000
00000000
00000000
00000000
00000011
11101101
00000000
00000000
00000000
00000000
00000000
00000000
00000000
00000000
00000000
00000000
00000000
00000000
00000000
00000000
00000000
00001010
00000000
00000000
00000000
00000000
00000000
00000000
00000000
00000000
00000000
00000000
00000000
00000011
00000000
00001101
00010100
00000000
00000000
00000000
00000000
00000000
00000000
00000000
11101000
00000000
00000000
00001101
00000000
00000000
00000000
00000000
00000000
00000000
00000000
00000000
11101001
00001001
00000000
00000000
00000000
00000000
11111100
00000000
00000000
00000000
00000000
00000000
00000000
11011111
11111100
00000000
00001101
00000000
00000000
00000000
00000000
00000000
00000000
00000000
00000000
00000000
00000000
00000000
00000000
00000000
00000000
11101010
00000000
00000000
00000000
00000000
00000000
00000000
00000011
00000000
00000000
00000000
00000000
00000000
00000000
00000000
00000000
00000000
00000000
00000000
00000000
00001111
00000000
00000000
00000000
00010011
00000000
00000000
00000000
00000000
11111100
00000000
00000000
00000000
00000000
00000000
00001100
00000000
00000000
00000000
00000000
00000110
00000000
11111100
11111111
00000000
00000000
00000000
00000000
00000000
00000010
00001011
00000000
00000000
11111111
00000000
00000000
00000000
00000000
11110111
00000000
00000000
00010010
11111111
00000000
11111101
00000000
00000000
00000000
00000000
00011000
00000000
00000000
00000000
00000000
00000000
00000000
00000000
00000000
00000000
00000000
00000000
00000000
00000000
00001010
00000000
00000000
00000000
00000000
00000000
00000000
00000000
00000000
11111101
00000000
00000000
00000000
00000000
00000000
00000000
00000000
00000000
00000000
00000000
00000000
00000000
11110011
00000000
00000000
00000100
00000000
00000000
00000000
00010010
00000000
00000000
00000000
00000000
00000000
00000000
00000000
00000000
11111100
00000000
11101001
00000000
00000000
00000000
00000000
00000000
00000000
00000000
00000110
00000000
00000000
00000000
00000000
00000000
00000000
00000000
00000000
00000000
00000000
00000000
00000000
00000000
00001010
00000000
00000000
00000000
00000000
00000000
00000000
00000000
00000000
00000000
00000000
00000000
00000000
00000000
00000000
00000000
00001011
11101100
11111101
00000000
00000000
11111001
00000000
00000000
00000000
00000000
00000000
11110011
00000000
00000000
00000000
00000000
00000000
00000000
00000000
00000000
00000000
00000000
11101111
00000000
00001001
00000000
11101000
00010101
00000000
00000000
00000000
00000000
00000000
11111000
00000111
11101010
00000000
11110111
00000000
00000000
00000000
00000000
00010000
00000000
00000000
11111100
00000000
00000000
00000000
00000000
11111110
00000000
00000000
00000000
00001101
00000000
00000000
00000000
00000000
11110000
11101111
00000000
00000000
00000000
00000000
00000011
11101100
00000000
00000000
00000000
00000000
00001011
11110010
00000111
00000000
00000000
00000000
11111111
11111110
00000000
00000100
00000000
00000000
00000000
00000000
00000000
00000000
00000000
00000000
00000000
00000000
00001111
00010001
00000000
00000000
00000001
00000000
00000000
00000000
00000000
00000000
00000000
00000000
00000000
00000000
11111001
00000000
00000000
00000000
11100010
00000000
00000000
00000000
00000000
00000000
00000000
00000000
00000000
00100101
11111011
00000000
00000000
00000000
00000010
00000000
00000000
11111010
00000000
00000000
00000000
00000000
00000000
00000000
00000000
00000000
00000000
00000000
00000000
11101100
00001010
00000000
00000000
00000000
00000000
00000000
00000000
00000000
00000000
00000000
00000000
00000000
00000000
00000000
00000000
00000000
11110000
00000000
00000000
00000000
00011001
00000000
00000000
00000000
00000000
00000000
00000000
00001110
00000000
00000000
00000000
00000000
00000000
11111110
11111110
00000000
00000000
00000000
00000000
00000000
00000000
11101101
00000000
00000000
00000000
00000000
00000000
00000000
00000000
11101100
00000000
00000000
00000000
00000000
00000000
00001110
11011100
00000000
00000000
00000000
00000000
11111101
11110001
00000000
00000000
00000000
11100110
00010100
00010000
00010101
00000000
11110010
00000000
00000000
00000000
00000000
00000000
00010100
11100111
00001000
00000000
00000000
00000000
11110000
00000000
00000000
00000000
00000000
00000110
00000000
11101000
00000000
00000000
00000000
00000000
00000000
00000000
00000000
00000000
00000000
11101000
00110011
00000000
00000000
00000000
00000000
00001101
00000000
00000000
00010000
00000000
11101001
00000000
00000000
00000000
00000000
00000000
11111100
00000000
00000000
00000000
00000000
00000000
00000000
00000000
00000000
00000000
00000000
00000000
00000000
00000000
00000000
00000000
00000000
00000000
00000000
00000000
00000000
00000000
00000000
00000000
00000000
00000000
00000101
00000000
00000000
00000000
00000000
11101101
00000000
00000000
00000000
00000000
11111110
00000000
00000000
00000000
00000000
00000000
00000000
00000000
00000000
00000000
00000000
11001111
00000000
00000000
00000000
00000000
00000000
00000000
00010001
00000000
00000000
00000000
00000000
00000000
00000000
00000000
00000000
00000000
00000000
00000000
00000000
00000000
00000000
00000000
11111110
11111101
00000000
00000000
00000000
00000000
00000000
00000000
11110101
00000000
00000000
00000000
00000000
00000000
00000000
00000100
00000000
00010001
11111101
00001001
00000000
00000000
00011101
00000000
00000110
00000000
00000000
00000000
00000000
00000000
11110001
00000000
00000000
00000000
00000000
00000000
00000000
00000000
00000000