00000000
11101010
11101001
00000000
00000010
00000000
00000000
00000000
00000011
00000000
00000000
00000000
00000000
11110011
11100111
00001001
00000000
00000000
00000000
00000110
00000001
00001010
11111000
00010000
11111101
00011010
00000000
11110000
00000000
00000000
11111010
00000101
11111010
00010110
00000000
11110111
11101101
00001110
00010101
00000000
11101001
11101110
11111000
00000001
00000000
11100011
00001000
00001010
00001111
00000000
11110001
00000000
00000100
00000000
11111111
00000000
11110110
00100001
00000000
11110110
00000001
00000100
11110100
11110110
00000100
00000000
00000000
00000000
11111001
00000000
00000100
11110111
00000111
11110011
00000000
00000001
00010110
11110010
00010101
11111110
00000001
00001110
00000000
00000111
11100011
00001011
11111000
11101001
00000000
00000000
11111100
11111101
11111111
00000000
11111100
00000011
11111001
11111111
11110110
00000000
00000000
11101100
00011010
00010001
00000000
11100010
00000000
00000000
11111110
11111111
00011011
11101101
00000000
11110010
00000000
11111110
00000000
11110111
00001001
00010001
00001110
00000111
00001100
00010000
00000000
00000000
00000000
00011110
00000000
11111110
00000000
00000000
00000000
11110110
00000101
00001110
00000000
00100011
11110111
00010111
00000000
11110100
00000000
00000000
00000000
00000000
00010100
11111101
11110001
00000101
00000000
00010010
11111000
00011001
00000100
11110101
00000010
00000110
11101110
00000000
11110110
11110101
00000111
00000100
00000000
11101011
00001011
00001011
00000000
00000010
00000010
00000001
00000110
00001001
11110110
00000000
11111110
11110100
00000110
00000010
00001000
00000000
00011010
11101011
00000000
00000000
11100011
00000000
00000000
11111011
11111001
00000000
00001101
00000000
00000000
11100100
00001000
11100001
00010100
11100010
11111110
00000111
11100110
00000000
00000000
11111110
11111100
00001101
11110100
11110101
00010000
11111110
11111001
00010000
00000000
11111000
00011110
11111010
11111000
00000000
00001000
00000000
11111011
11101010
00001101
00000011
11111101
00001000
11110111
00100100
00010100
00000000
00000000
11111110
11111100
11110110
11101110
00010000
11101011
00000101
11101011
11101111
11111110
00011000
00000101
00000000
00010101
00001001
11111011
00001110
11111001
00010011
00000000
00001000
00001001
00010101
11110011
11111101
11110001
00000110
00011101
11111111
11110110
11110011
00000000
11111010
00000011
00000000
11101111
00010000
11110011
00001011
00001000
00000100
00000000
11110011
11110111
11111011
11100110
00010010
11101111
00000000
11110100
00000010
00000111
00000000
00000000
00000000
00000000
00000000
00000000
11111000
11111001
11110001
00000100
11110111
00001110
11111000
00000100
00010011
00000000
00000000
11101011
11111110
00000000
00001000
00000000
00010111
11110000
00010100
00011010
00000101
11111000
11111110
11101100
00000000
11110101
00011111
11101111
11110000
11111101
00000001
11111110
11111100
00000110
00000000
00010110
00000000
11100111
00000000
00010011
00010110
11110110
00000111
00001000
00000000
00000010
00000000
00000101
00000000
11110110
11100010
00000000
11111111
11110101
11111100
00000101
00010100
00000011
11110100
11111101
00101111
11101110
00010000
11111100
00001110
00000000
00000000
00100101
11110111
11110101
11111000
00000001
00010110
00000000
11111010
00000000
11111000
00011011
00000000
00000000
00000001
11101101
00001110
11110001
00000000
11100001
00001000
00000000
00001010
00001011
11110111
00000110
11101010
00000000
11110101
11111100
00010001
11111110
00001011
00000111
00011101
00000000
11110101
00001001
00000000
00000000
00000000
00001000
11100110
11110010
11101100
00000000
00010011
11101111
11011111
11111100
00000101
00000000
00011100
00000011
11101011
00000000
11110000
00000000
00000100
00000010
11110111
11100001
00000000
11110011
11111011
00001000
00000000
00000000
00000000
00000000
00001010
11100101
11111110
11101110
11111000
11101111
00001101
00001010
00100110
11111001
00000111
00000000
00000000
11110101
00000000
11010110
00000001
00101110
11100111
00011100
00000011
11111001
11110110
00000000
00011101
00000001
00011011
11111011
11111110
11011100
00011010
00000101
00011011
00000000
11111010
00001110
11110110
00001110
00010110
00000000
11111010
00000000
00001000
11101101
00000000
00000100
11110011
11110000
00001110
00010100
00000000
00001110
11110100
00000101
00000000
00000000
00001000
11100100
00000000
00010011
11101011
11111110
11110110
00000101
00000000
00000000
11111000
00000000
00011010
00000000
00000010
00000000
11111111
00000000
00010000
00010100
00000101
00001111
00000000
00000000
00000100
00000011
00100010
00000000
11110010
11011101
00011100
00001010
00000000
00000000
11101110
00011001
11111000
00000000
11110001
11111110
11110110
00000001
00000000
11101111
11111011
00000111
11111110
00000000
11101111
00000000
00000000
00001111
00011100
00001000
11111111
00000101
00000000
11111100
11111101
00011100
00011101
00000000
00000000
00001010
00000000
00000110
00000000
00000000
00000001
00000000
11101011
00000110
11101110
11101100
00000111
00000000
00000000
00001110
11110011
11111111
11111101
11110010
11101101
00010110
00010111
00000000
00000000
11110001
00001110
00011000
00000000
00001001
00001101
00001000
00010001
00010101
11111110
11111000
11101010
11101101
00000000
11111101
00001110
11111011
11101110
11101101
00000000
00000000
11110111
00000000
11111011
00000000
11111010
00000000
00000000
11110101
11110101
11110001
00000000
00001000
00000000
11111000
00010000
00000000
11110011
00000011
11101110
00100101
00000000
00000000
11011010
00010000
00001111
11111000
00011001
11101100
00000000
00001000
00000000
11101011
11110101
11110101
11101010
11101101
11110101
00000000
00001000
00010011
11111001
11110110
11110101
00000110
11111110
11111101
00000010
00000000
00000000
11111010
00000000
00001011
00000000
00010011
00000000
00000000
00000100
11011011
11110110
00010100
00000000
11110101
00100111
00000000
11110101
00000000
00000110
00000000
00001001
00000001
00000000
00000100
11111111
00000000
00010000
00000000
00000000
00001010
11110101
11101000
11101000
11111111
00000000
11101000
00001111
11110000
11100111
11110101
11111010
11101101
00000000
00000000
00000000
11011001
11111111
00000000
00000000
11110111
11111010
11101100
00011101
00000000
00001010
11100101
11111100
00000000
00000000
00011010
00100011
00010100
00001100
00000010
11111110
11101000
00000101
00000000
00000000
11110001
11101110
11110000
11111001
00000000
11101110
11110100
11111100
11100110
00000001
00000000
11110100
00000100
00000000
11010101
00011110
00000000
00001000
00000110
11101011
00000000
11111010
11110011
11101111
00000000
00000000
00000000
00000000
00010010
00000000
00000000
00000111
00001100
00000100
00000000
00000000
11101000
00000100
00001010
00000010
00000111
00000000
00000011
00000000
11111110
11110010
11011100
00000000
00000100
00000000
00000000
00000000
00000000
00000000
00011100
00000000
11100110
00000101
00000000
00000000
00000100
00001010
11111110
11111010
11101011
00000000
00000000
00000000
11101001
00000100
11100111
00000000
11100001
00000111
11100001
11111101