0000000001000010
0000000101010000
1111110101111110
0000000100100110
1111111100100010
0000001010011010
1111111101000011
1111110010111011
1111111111010011
0000000010111010
0000000001100000
0000000000101010
1111111111111010
0000000100001000
1111111110100110
1111110010110101
1111111101000011
1111111000101100
1111110101101100
0000001001110000
0000000011011000
0000001000010000
0000000000000011
0000000000110110
1111110010101111
0000000001000101
0000000100101001
0000001100000000
1111110000101000
0000000010001101
0000000011001100
0000000011000110
0000001000000000
0000000001101010
1111110110101100
0000000001001001
0000001001111000
0000010000011101
1111111011100110
1111111010010111
0000000011010110
0000000110100011
0000001100011110
0000000110010100
0000001010101100
0000001101100101
0000001001100100
1111111000111101
1111111101101001
1111100000011100
1111101100011111
1111111010001010
0000011000101010
0000011000101001
0000001001101101
1111110100001000
1111100111101010
1111110111000101
0000001010000000
1111111011011111
1111101110111010
0000000111010011
0000000111100011
0000000110101101
1111111101010101
1111110101010011
1111110101001110
0000000111011100
0000001011100110
1111110101010011
1111111110000010
1111111000111001
0000000010110101
0000000111001001
1111111000001000
1111111110100010
1111110001100000
0000000011011000
0000000110001001
0000001111101011
0000010100011111
1111111010101010
1111110010010111
1111110110100111
0000010000000010
0000001011110101
0000001110100001
1111111110010010
1111111100011011
0000000000011011
1111111111111100
1111101001011111
1111111010011110
0000001100101010
0000001111010000
1111110110010011
1111110110011000
1111110011100110
1111110001101000
0000001110101100
0000000100111001
0000010010101111
1111110010001110
0000001000000100
0000000001010011
1111110001110010
1111110110001100
1111101101001011
1111100100000011
1111100101001110
1111100100001101
1111110111110110
1111111011000011
0000000100100100
0000011001110110
0000011101110101
1111111000100000
1111101100110000
1111011100010110
1111111101010010
1111110110110000
0000001110101100
0000000010101100
0000001101001010
0000000111101000
0000010110101011
1111101000111111
1111111100101010
1111111000110110
0000010100000000
0000001001011111
0000010001011000
1111101010111110
1111001110000111
0000100011101000
0000101011000001
0000010111100010
0000001110001100
1111111010111101
1111111101101000
1111110100000101
1111101010011110
0000000111011100
1111111010100111
0000000010010111
0000000101011100
0000010011100001
0000100011100110
0000001110100011
1111011111010001
1111011001111001
0000000110011111
0000001000101001
1111110111110101
1111100110110110
0000010000010010
0000011010101000
1111111111100000
1111111111001101
1111111011111001
1111111010000010
0000000100101010
0000100001001010
0000001100100011
0000000000100010
1111110100000001
1111111100100000
1111101000010110
1111100110001011
1111011100111100
1111011100000001
1111111111010101
0000000000000001
0000001000100101
1111111111110001
0000010111100101
1111100101101100
0000001001110100
0000100111111111
0000000001110111
1111101010010001
1111010001010100
1111111000001011
0000010111101000
0000010101100101
0000010011011001
0000011111111100
0000001111100101
0000001111100101
1111110110111111
1111111001101101
1111111011111010
0000001000001010
0000001010110111
1111111010000101
1111100110001101
1111100100100001
1111101001111000
1111111100100000
1111111100000101
1111001011100000
0000000100000001
1111111101010011
0000000101100011
1111101100010000
0000001101010010
0000010101100101
1111110111000110
0000000011001010
1111110111111101
0000001101000101
0000001101001011
1111101100001101
1111111101101101
1111110100101110
1111111000101111
0000101001110100
0000010010011011
0000001100010010
1111110011100000
1111110011001101
1111110001000100
1111111011111001
1111111100111100
1111111010010111
0000000010111011
0000000001101101
1111110110101010
1111101100000111
0000100001000100
0000001110001110
1111011111000110
0000000110110001
0000010001110110
1111111010111110
0000001000100110
0000011010011000
0000000110010000
1111110000001000
0000010010001101
0000001000000101
0000010110001111
1111110101010110
1111000010010111
1111111100100010
0000010100000001
0000001011110110
0000000100000010
1111110101010100
0000000010111001
1111111100101100
0000000011100010
0000010000100100
0000001011011011
0000000001001010
0000000110000110
0000001001110011
0000001011111110
0000000110101111
1111101110100000
0000110011010100
1111110010001011
1111011111001100
0000000100111111
1111110011001000
0000001010100010
1111110010000010
0000011000111110
1111111101111101
0000000011110111
1111100111010011
0000000100001111
0000011101001010
0000100100101111
0000000010010001
0000000101011011
1111111100111011
0000000011100001
1111101001110100
1111101101101010
0000010111111011
0000001100001011
1111011101010010
1111011110111101
1111100111000000
1111101110000101
0000000011010000
0000000100000110
0000001100110100
0000000100111111
1111111010100010
1111110100000001
1111100110100100
1111110110110011
0000011001101101
0000011000101100
0000000110110001
0000010000111101
1111111100100101
1111110110001011
1111110000000111
0000001111011100
1111101101000011
0000011110111101
0000010111100110
1111011100001100
1111101111011110
1111111010101101
0000000011010000
0000001111011010
0000001010010010
1111111001100110
0000011000010111
1111110001100000
0000001011110010
1111110101001111
1111110001001110
1111111001100111
0000000111110101
0000000011100110
1111111110101000
0000000101010011
0000001001101011
1111111111001000
0000001110101100
1111111110010100
1111001011111110
0000001011100000
1111100111000101
0000010111100111
0000000011101110
0000000111100000
1111101011101011
1111101101111111
0000000010111011
1111110001000101
1111110010010010
1111110101011000
0000100001001010
1111111100111100
0000000011111001
1111110001100010
1111111110001101
1111111110101011
0000000001011001
0000000100011001
0000001110111011
0000010000111111
1111111101111100
1111110101110010
1111101111110010
1111111010010101
1111111011100110
0000001010010111
1111110110010010
1111110011101001
0000000010000101
0000001000101101
0000000000101110
0000000011111111
0000001011010110
0000000000010110
1111110100000100
1111111110110000
0000010111100100
0000010100110100
1111111001110111
1111100110000101
1111110111001001
1111011110010010
1111110110000010
1111110010111101
1111110110101001
0000000101001011
1111111011011000
1111111100101100
1111110001110010
1111110010010100
1111101011111000
0000010110001010
0000001000111000
0000001011001101
0000001010000100
1111111111000111
0000000101111100
1111110111111000
1111110011100010
0000000110100010
0000010000000110
0000000110111000
1111111000010011
1111111001011110
1111101011011001
0000011001000011
0000011001111100
0000000011000101
0000011010111000
0000011110011110
0000010000001101
0000000111011110
1111110110000101
1111111101010111
0000011101110001
0000000010011101
0000001001010001
1111111010110100
1111101110001010
1111110001000011
1111011011011110
1111010010100110
0000000001110000
0000000011001101
0000000110010010
1111111100100110
1111110000101010
0000000000111101
1111110001011001
1111111001000111
0000001001000101
1111101111000000
1111111111110010
0000100111010011
0000001100111000
0000000011001111
1111101101001000
1111111001000100
1111110000000010
0000001100000100
1111111001110111
0000001111111111
0000011011010010
1111110010100100
0000000000000010
1111100011101001
1111110000100110
0000000000111111
1111110111000000
1111111000011001
1111111011100111
1111111010111011
0000001011011011
0000001101100001
1111100001001011
0000000000110001
0000000101111000
1111110101000000
0000001000111110
1111111100001111
0000000000011001
1111100101100011
1111010110011101
0000000001100000
1111111100001010
0000011001110011
1111110010111100
1111100010111001
1111111100100111
1111111010000111
1111110111010101
1111111010010010
0000101000001111
0000101110000110
0000001111101100
1111110110000111
1111111000000111
1111111110100101
0000000010100001
1111110000010010
1111100101001100
1111110010100001
1111110100101100
0000000011100100
1111111101001100
1111100011111001
1111101011101001
1111110011001011
0000000001101001
1111110010111101
1111111001111110
0000000001011010
1111101100011001
1111101001001001
0000000001011100
0000010000000001
1111110100001010
1111110001000011
1111110101000101
1111110110111000
0000001110100111
0000001111000011
1111011010110100
0000001010110110
0000100000101011
0000001101001000
0000001010001100
1111111011101011
0000001010010011
1111101010000101
0000010101000001
0000011101000110
0000001101000100
0000000111000001
1111110100111010
0000001101110010
0000101110100110
0000000000110111
1111101111110001
0000000110101001
0000001100011001
1111111111100111
0000000010011010
0000000001111111
1111101111010111
1111110101110101
0000010001100110
0000101011000001
0000010110000000
1111101110101101
1111110010010100
0000001011101010
1111100110001000
1111100111000001
0000000001000010
0000101000111110
0000011011000110
1111101110111010
1111101101010101
0000001010100011
0000000011011000
1111101010111110
1111111111001101
1111011110011001
1111111010000001
0000011110100110
0000010110100111
0000011000001100
1111111000001110
1111111000100010
1111110110011001
1111101000010101
1111100101001101
1111100011110001
0000001010101111
0000001001100111
0000000000110101
1111111011001010
0000001111101110
0000100100110111
1111110111101011
1111100100111010
0000010000000101
0000011001010000
0000011101100111
0000011110010111
1111101111000010
1111111000010111
1111111001010100
1111100101101000
0000001010000001
1111101110011000
1111011101011011
0000001000000001
1111110111010011
1111100101000111
1111010111101110
1111011001001111
0000000110100111
0000011000010011
1111110010011101
0000000110000110
0000000101000111
1111101111111101
1111110101011111
0000000001101000
0000000110010001
0000000010011100
1111110010000110
0000000100111111
0000011011000011
1111110000010011
1111100111001010
1111110111001101
0000001111010010
0000000111010000
1111110010011110
0000101000010100
0000011011001000
0000010101100100
1111011010000111
1111110011101001
0000100000011101
0000001000100010
0000010111000110
0000010000110011
0000011010010100
1111100011011110
1111101001101010
0000010011100101
1111010111011000
1111100011111000
1111110101011010
0000010110000111
0000000110001100
1111100000110110
1111111010100010
1111111000000010
0000000101010000
0000000100010110
0000001101011001
1111111000001010
1111111010111001
0000001000011001
1111010010001000
1111101010000011
1111110101111011
0000100000100111
0000011111011101
0000101000011011
1111101111010001
1111001100010010
0000001100101000
0000000000110010
0000001100011110
1111010001111000
1111111000110010
0000001011000010
1111101111000101
0000000110010101
0000010111100000
0000010101110101
0000001100010010
0000011110011010
1111111100010000
1111011000001000
1111110100011111
1111110100111111
1111110111111000
0000000111101001
0000001001011000
0000001010001111
1111111001110010
0000000101101001
1111110001001001
1111100010000001
0000110111110100
0000010111000100
1111100110001100
1111011001010000
1111101100010100
0000001010111110
1111100011010010
1111011011001110
0000001101110011
0000011100011011
1111110011101101
0000000010010000
0000010000111100
1111011111100110
1111110010000101
0000010111010011
0000001011100111
0000001000111100
0000000010111000
0000001011001110
0000000000111111
1111111110001100
0000010100101010
1111110000001110
1111110110110011
1111111101110110
0000000000100100
1111110111110001
0000100000101111
0000010000001011
1111101110010010
1111010011011111
1111110100001011
1111100011001001
1111101010101010
0000000010100011
0000001000000111
1111101001010100
1111110100110101
0000011001011010
0000001110000100
1111111011100110
1111110110000010
0000001010001101
0000000101001000
1111101101110111
1111110011011000
1111110110011100
1111100110000100
0000011010100000
0000101011110000
1111110101001000
1111110101110010
1111110110101101
1111111011001100
1111110110001111
0000001011001110
0000011000011001
1111111111100110
0000000100100101
0000001101000110
0000000000101010
1111111110101100
1111111000111101
0000011010111001
0000001001110110
1111111110101100
0000010111001110
1111011010001111
1111000011001001
1111101010101110
1111110111010100
1111111101110011
1111010011110011
1111101100100110
1111111111111011
0000100010011100
0000001110100100
0000001110101000
1111111100001110
0000001100101010
0000010110001101
0000010001000110
0000001100100111
1111110110101011
1111101110101101
1111110000100011
1111111000111001
0000011100011011
0000001001000110
0000000001101000
1111111001101010
0000000111000011
1111111010101100
1111110011001010
0000010100010010
1111110100100010
1111101111011001
0000010100111010
1111101011001111
1111100001100010
0000000101111101
0000010010101110
0000010100000001
0000011001110000
1111110011001111
0000000010001010
1111110110111100
1111110110001011
0000000000100000
1111011110100010
1111110011111010
1111101101101010
0000010010000101
0000001101011011
1111110110010000
0000001101000110
0000000001111110
0000000011000110
1111111001111001
1111111100110000
0000000001101011
1111111001000100
0000000010001000
1111111001010110
0000010000111000
0000100110110011
1111011111100101
1111011011001111
0000010011111111
0000001100110100
1111110100000100
1111101010011110
1111010100010000
1111111110110000
0000011101011101
0000001010011000
0000011111101110
0000011101100100
0000010111000110
1111110100001011
0000000101011001
1111111000000101
0000000010000000
0000011101111000
1111101010011001
1111101011110000
1111011000001111
1111111100001100
0000011110110101
0000100011110000
0000001001101101
0000000001010001
1111101111111110
1111111011111010
1111111110111010
0000000110100000
0000001000100000
0000011101110111
0000001101011011
0000010111011010
1111110011010011
0000001000100101
0000100110011110
0000001011100100
0000000101101111
0000000011101100
0000010001100111
1111100101000000
1111110001000000
1111110010011001
1111111011010011
0000001000101101
1111100101000001
1111101011100100
0000011111010110
0000100010011011
0000010001001110
1111110100101111
1111101011111110
1111111011011000
0000101000001010
0000100100011010
0000000100111110
0000000111111010
0000000011110011
1111111101010101
1111111111100011
0000001111110011
1111111111001011
1111100100101011
0000000010011000
1111110010101100
0000000010111101
0000001010011010
1111110110100001
1111111100010011
0000100001110101
0000111101110010
0000011011010010
0000010101000100
0000000000010101
1111110111101111
0000000100001001
1111010011100110
1111100111101101
1111110011000000
0000000101000101
0000000101101111
1111100101011001
1111111100111000
0000000111000111
0000010101011110
0000100101001010
1111101111111101
1111111000100100
1111110110100000
1111111101111000
1111111010100101
1111111101100100
1111111000011101
1111111100111010
1111110000010110
1111110001010101
1111110100101011
1111101100111010
0000010001000101
0000000001010101
1111111000001111
0000001101000011
0000000010111110
1111011000111000
1111010101000101
0000000110101100
0000000110010001
0000011010010011
0000000100111101
1111100101101011
1111111110001001
0000000111011010
0000000110000100
0000000001011100
1111100001101001
1111111000000010
0000000111010101
1111011101101101
0000001011101100
0000001011011100
0000001110001100
0000000101101000
1111111100010101
0000000110111100
1111101101011111
1111111101000101
1111111111000001
0000001100111001
0000110000111000
0000010001000001
0000001111110000
0000010001000011
0000001110010101
0000010011100101
1111110100100011
1111101101100011
1111110010101111
1111110011000110
1111101110100011
0000010101010110
1111011101010100
1111101111010010
0000010011100000
1111111000110011
0000001010010011
1111111000010110
0000001011110110
0000011100000100
1111111111011001
1111101100100000
1111010011100110
0000000111110101
1111111101001011
1111111111011110
0000001101100001
1111111001011111
0000000010001010
0000000010111101
0000000110000010
1111111111011000
0000000011000110
0000101011011101
0000010100111111
0000011001111000
0000010100001011
0000010001000000
1111001110111010
1111110010010100
1111111010011101
0000001001111100
0000001111001111
1111010111110000
0000001000110111
1111111100100000
0000001011010010
0000010010110110
0000010000000010
1111111000011110
0000000001000100
0000000100101010
1111110110100011
1111110001101010
0000001100111101
1111111111011111
1111101110111010
0000001101110011
1111110110000110
1111111110110101
1111110100111011
0000000000111111
1111111111001100
1111111101110110
0000100010001001
1111101111110000
1111110001010011
0000010010000001
1111110101000101
1111100101000111
0000000111101101
1111101001010100
1111111100000010
0000000010111111
1111110011011110
1111110100110100
1111010010010110
1111100111100000
0000010011000100
1111111110101000
0000001100010000
0000000110100000
0000000001011100
0000011010100101
1111110001010010
0000001000110010
1111111010010011
1111111110001001
0000010001110000
0000000101010110
0000000010101011
1111111111100111
0000000100111011
1111110000100011
0000001010101100
1111111001010000
1111101100101110
0000000001000001
1111111000001110
1111111100001110
0000001000101111
1111111011011100
1111110010110011
0000000100101101
0000000001011010
0000001101100010
1111101011111010
1111011011111011
0000000100001100
0000001010101010
0000001011110100
0000001010111000
1111110111100010
0000001011110010
0000000100000111
1111110001110111
0000001101110100
0000000100011001
1111111110011001
0000001001010000
1111111101111101
1111111101000110
1111111110100110
1111111101100100