0000010101101111
0000000001000111
0000000001011111
1111111111001011
0000000010110001
1111110011100101
1111101111000111
1111101110101100
1111110010011001
1111110100000001
1111111000001001
0000000011111110
0000000010000100
1111110101000010
1111101001111111
1111111110011111
1111111100110000
1111111111101010
0000000100101011
1111111110111001
0000001001000000
1111111010110000
1111110011011000
1111110100111011
0000000000101110
0000000010010011
1111111111111001
1111101110000010
1111111001110000
1111111111010000
0000001010000101
0000001010010000
1111111000101010
0000000000110100
1111111101000011
1111111110100101
1111110101001000
0000000001100110
0000000010001010
0000001010001111
1111111011011001
0000001100111100
0000000010100100
0000001011001011
0000000001110101
1111110011110000
0000001001000000
0000000001000111
1111111000101100
0000000010100111
1111111000001101
1111111000101100
0000000001011110
0000001010100010
0000001001100010
0000000110100010
0000010001100000
0000000000110111
0000001111010000
1111110110110011
1111111111100001
1111111110100001
1111111111110010
0000010110110001
0000000010011001
0000001011101110
1111111011001110
0000001010011100
1111111011010111
0000000101000111
1111111011110101
1111111010110000
0000010001011011
0000001000011101
0000001010011000
0000001010111011
0000000110001001
0000001100101000
0000000010100110
1111111111101110
1111111011000101
0000000010010000
0000000101010010
0000001110110100
0000001100011110
1111111110010111
1111111011000101
0000000101110001
1111110001111010
1111101101110000
1111110011111101
1111111000010101
1111111100110111
1111111111000100
0000000111101010
1111110001001100
1111110010000111
0000001001001100
1111110110000110
1111111101111010
1111100010101100
1111100011110100
1111111001100111
1111110101110111
1111111101100011
1111111011111110
0000001011000111
0000001001001000
1111111111111000
0000000101000111
0000001100100110
0000001011111101
0000001101010010
1111111011001100
1111101101011100
0000000000111111
1111101111101100
1111101110001000
1111110100111000
1111111101111101
1111110100111100
1111101011001111
1111111000001110
0000000100001000
0000001100110010
0000000101101100
1111110011000100
1111101110010111
1111111100100000
1111111111001100
0000001000110011
1111111000101111
1111111001011011
0000000110010110
0000000001100001
1111111110100101
0000000111110000
0000000100011000
0000000011111000
1111111111110011
0000000010001010
0000000011100100
0000000101001011
0000011010101111
0000000110110101
0000001100101101
0000000001111000
1111110011001010
0000001100001110
0000001010100110
0000000111110111
0000000110111100
1111111110000100
1111111000011111
1111111110110110
0000001001010000
1111111001110011
0000000100001100
1111111111010000
1111110001100011
0000000000101010
1111111110100001
1111110010111011
0000001010011100
0000001110100101
0000010001011111
1111111111110010
0000000001000111
1111101011100000
1111110111110101
1111111111011000
0000000011101100
0000000101100001
0000010011101101
0000000011100111
0000000111000010
1111111101001100
1111111110101101
0000001110110001
1111111011011001
1111111111000011
0000000010010100
0000000101000011
1111110110101110
1111110010100100
1111111001011110
1111111101011110
0000010101100001
1111111010001100
1111101010011000
1111110010001110
1111110100101110
0000000000001001
1111110110001001
0000001111011010
1111111110010111
0000001010110101
1111111110100001
0000000001011000
0000001011110010
0000000111101011
1111110101111000
1111110011011011
1111111011011011
0000000001101100
1111110011000011
1111110100011000
0000000011111000
0000000010001010
1111110110110110
1111111100001010
1111111000010011
1111110001000011
1111101100100110
0000000110001101
0000000011110110
0000001011100011
0000000000011100
0000000000101111
1111101101010101
1111110100011010
1111111111100011
1111101110000111
0000001010110101
1111111101100000
0000011000101010
0000000101011100
0000010001111101
1111111101101101
1111111011110110
0000000101001111
1111101100000111
0000010101111100
1111111101011100
0000010000011010
0000000110111001
0000000111010000
0000010000111101
1111111010000011
1111111101111010
0000000011100111
0000000001000111
0000000011100001
1111111000100111
1111111101101001
1111110011000100
0000011000100001
0000000110100111
0000001011111000
1111111110110100
0000000010010011
0000010001010010
0000010101111110
0000010110111001
1111110110100101
0000000110000011
1111101000101000
1111111010000100
0000001101011010
0000000110000011
0000010011000011
0000000000111101
0000001000011011
1111111101110010
1111111000000001
1111111010000011
0000000010010010
0000001011011000
0000000100101010
1111111110101110
1111111001101010
1111111110111100
0000001000100101
0000010101010010
0000000100011111
0000000001011100
1111101011111111
1111100111001110
1111110101011111
1111111111101110
1111111010100010
1111111000000110
1111111001000010
0000001011011010
0000000001111101
0000001001100010
0000001011100000
1111100011001101
1111111100110111
0000000001101111
1111100111101010
1111111111001111
1111110011110101
0000000010011110
0000001110000000
1111111101000100
1111101110010010
1111011111111000
1111110101100011
1111110010110011
0000000010110000
1111101001000110
0000000110110011
1111110101011011
1111111000010000
0000000000111100
1111111100110101
1111110011010011
1111101110001111
1111111110011000
0000000111010100
0000010000011101
1111111000011111
1111111111010111
0000000100111101
0000000100100110
1111111011111001
0000000011110001
0000001001101101
1111111100011111
0000001010001100
1111110010100101
0000010101111010
0000001000100011
0000000011001011
0000000001010110
0000000110010101
0000010010011010
1111111111111101
0000001011001101
1111101101000011
1111111110111101
1111110110101101
1111110010100100
0000000010000100
1111110110010101
1111110011011011
0000001000101001
1111111001110110
1111111101100010
1111101101011110
0000001110001001
0000010001010010
0000010000110001
1111110011010001
1111110111000000
0000001010101101
0000000111111001
0000001001010000
1111101100110001
0000001010010010
1111111100100000
0000010001101111
0000010001001001
0000001101111110
0000000101101011
0000001000011111
0000001011010100
1111110000010010
0000000111100101
1111111111000111
1111100101101001
1111110101110101
1111110011111010
0000001010101000
1111110001000001
0000001111111111
1111110011110011
0000000010001100
1111101010011010
1111110000011100
1111110110100000
1111110011101010
1111110000011101
1111111011010000
1111110010000010
1111111010010100
1111111111000101
0000001011100001
0000000001011001
0000011100011100
0000001000010010
1111111100101101
0000011010000000
0000001001011010
0000000011011011
0000010001100000
0000001010001010
0000001111101101
1111110001011110
1111110100001100
1111111000010100
0000000001110000
0000001100111001
1111111011101000
1111101111101000
1111110100001111
1111111111000110
1111110101001110
1111100110001111
1111101100010100
1111100101101011
1111111101100111
0000001001101100
0000010001100110
0000001010100111
1111110111010100
1111111010111000
1111111110100011
0000000111001101
0000001010100100
0000000001110100
0000001010011111
0000000101100101
0000011000001110
1111110101100001
1111111011100000
0000011111001010
0000011001010111
0000011111111100
1111111010010010
0000000111000000
0000000101010011
0000001011001111
0000000000011100
1111111001111010
0000001101001111
1111110011100011
1111111011110110
1111011110000110
1111111101000011
0000000001001001
1111110111000110
1111111101110100
1111111000111010
1111101100110100
1111111101011010
0000010010101100
0000100000101011
0000001011001111
0000001010110110
0000000111010010
0000001100000101
0000001001101111
1111110010010100
1111111100001001
0000001001100100
0000010100101000
0000010001011000
0000001100010111
1111111100001110
0000000110100101
1111111001011111
0000000100001101
1111111011110001
1111111111010011
1111110011000110
1111110101001000
0000000111000101
0000010011010100
1111111011101100
1111110000111101
1111111001001110
1111110101111101
1111011101100100
1111101001001110
1111110101101111
0000000000011101
1111111000100010
1111111100111110
1111110011110001
1111111011111101
1111111011100010
0000000110001001
1111111101010111
1111111111100011
1111111100010101
1111111110011110
0000001011001011
1111110011011100
1111111111001110
0000001011000111
1111111110101010
0000010010011111
0000001010111111
0000000110001010
0000000101000010
0000000100110110
0000000100001011
1111110111011000
1111111011100000
0000010101000111
0000000111000011
1111111111011110
0000000100010010
0000000001110011
1111111001110010
0000001010001110
1111101001001001
0000001001110110
0000000011001010
0000010110101010
0000001010011011
0000000010101001
1111111011000011
0000000010101111
1111111111100111
0000000001111011
1111110111100010
1111111111100010
0000000011111110
0000010010001011
0000011100001110
0000010000101110
0000000101111111
1111111110001011
0000000110011101
0000010100010011
0000001111111001
0000000111000110
0000000101010011
0000000011100001
0000001000010000
0000010010000111
1111111011000110
0000010000001011
1111110011101100
0000000101011010
0000010100010010
0000000110001001
0000001000101000
1111111100110001
1111111100011101
1111110011011011
1111111101000010
1111101100001110
1111111100000010
0000000100000001
1111110000111100
1111101001011100
1111100100111010
1111111110001111
0000000101101001
0000001010001100
1111110110010111
1111110111001001
1111111101110000
1111111010111011
1111111010110101
1111110101100101
1111111110101010
0000001101011110
0000001000010101
1111111001010010
0000001011100111
0000000001111010
1111101100010111
1111110101111000
0000000111011101
1111111110001010
1111111011110010
1111111001101010
0000000100000000
1111110110000001
1111110011010000
1111110111110110
0000000010111001
0000000001100100
0000000000100111
1111111101110010
0000000101000110
0000001001000101
0000000010011010
0000010010010101
1111111000000110
0000011000101001