0000000001010000
0000001111110010
0000001000011011
1111111111011111
1111101101010111
1111110100101000
0000010011010010
1111110110011010
0000000100000000
1111111011001100
1111111011010001
0000010100101110
1111110000000001
0000000010000110
1111110001111010
1111011101010111
0000001001101110
0000000001001111
0000000000011100
0000000101110011
0000000111001110
1111101110010111
1111111011010010
0000000011100000
1111101011010010
0000001000011011
1111110110010010
1111111111011110
1111111000100110
1111111010011011
1111110100100001
1111111100010100
0000000011100001
1111110101101000
1111111111100111
0000010101100101
1111111100101001
0000010010011110
1111110011100111
0000000110110010
1111101111010001
1111111110010010
1111111100110100
0000000110000001
0000000011001011
0000001000101010
0000000001111111
1111111111101000
1111101010001011
1111111110010111
1111111011101101
0000000111001111
1111110100110000
1111111010110000
0000011111000101
0000000010000001
0000000000101011
0000000011010110
0000000110010010
0000000111100101
0000010000001110
1111111100110110
0000001001100100
1111111111000100
0000000001011101
0000000100111000
0000000010111001
0000001110010110
0000000101001100
0000000101011011
1111110101101001
1111111000011010
0000000100010110
1111100111111111
0000000100000010
0000000011001000
1111101000111110
1111110101001011
0000010001111111
1111111011111111
1111111100100101
0000010011100101
0000000100111001
0000000001010101
1111111101111000
0000000111011000
1111110011101101
1111111111001001
1111110110011000
0000010010010000
1111111100000100
1111111000010000
0000000110000101
1111101111111100
0000010010100110
1111101100001111
0000000011101111
0000000010100011
0000010011110001
1111111011110011
1111110000111101
1111110101000011
0000000110010001
1111110111110101
1111111101111010
0000000010001001
0000000000000010
0000000010110100
1111111001011110
1111110100101100
1111101111000000
1111111001111100
0000000110011001
0000010000000010
1111110110000000
0000001001101111
0000000100101101
1111111101101000
0000000011101101
1111110101100010
0000001100001101
0000001010010011
1111111101010010
0000001010111010
0000000011100000
0000000101001101
0000011000010011
0000010010010100
0000000111001010
1111110100010101
0000001111111101
1111111101110000
0000001001011010
1111100101001010
0000001011101000
1111011101110101
0000010001101011
1111111101110101
1111111111001000
1111110011010011
1111111101111100
0000000000101011
1111011111101001
0000010011010101
0000001111100110
1111111100000001
1111111011000100
0000001100001100
1111111001110110
0000000101001101
1111111011000110
0000010011111110
1111101111011111
1111110100101001
0000001011101101
1111111111101101
0000000101001111
1111100110100010
0000000110000100
1111111110110010
0000001010101000
0000000110010111
1111101100011010
1111110111111000
0000001111000001
0000010000101100
1111111011011010
1111110011101010
1111111010010001
0000000100100111
1111111100110110
1111110011111011
0000000110001010
1111111101010110
0000011001011000
1111110000111100
0000000111011000
0000000000000110
0000000110101001
0000010111001110
1111111101100000
0000000100001011
1111111100111111
1111111110101101
1111111100100011
1111111010110101
1111111110100001
1111111000011111
1111110110001001
0000001101000000
1111100101111000
1111110101111100
0000001010101111
1111111100100000
1111111011111011
1111110100011011
1111111001010010
0000000111001110
1111111100111100
1111111001100000
0000000000000110
0000000001111001
0000000101000111
0000001010111100
1111110101101100
1111110011101010
1111110111011011
0000000011000111
1111111110011101
1111111110110011
1111111101001111
1111100111011000
1111111111010011
0000000100100010
1111111011010110
1111101010001101
1111110111110101
1111110010001000
1111110110000100
1111110000101110
0000000111000111
0000010111110011
0000000101111001
0000000011100000
1111101111010111
1111110110011111
0000000111011111
0000001111000111
1111111111011111
1111111110010101
0000000110001010
1111111101111011
0000010000011010
1111110010010001
0000000010101011
0000000101011111
1111111101111111
0000000000010110
0000000000110010
1111110000010001
1111111010100100
0000000011011000
1111110001101000
0000000011001111
1111111010011001
1111111101000110
0000000000000110
1111111100010100
0000000110001000
0000000010101011
0000000010001101
0000010101000101
1111111011110110
1111110001011101
1111101110011110
0000000111101100
0000001010000010
1111111000000110
1111111100001101
0000001101111000
1111111010001100
0000001010010000
0000000101100000
0000001111010000
0000000010110100
1111111110100110
1111101000110011
1111111100001001
1111111000100000
0000011001111011
1111110100011111
1111111000100001
1111110110101001
1111101110010100
0000000000000011
0000001010000111
1111110111010110
1111110101100110
0000000001111101
0000000000011101
0000000100011000
1111110010111000
0000000011010111
0000001111001010
1111110111110011
0000001011011100
0000000010000000
1111111001110110
1111110100100011
0000010010101010
0000010011101001
0000001001100011
0000000001010001
1111111101100001
1111110111100011
1111100110010100
0000000011001110
1111111011000100
0000000010001110
1111111110011000
0000010100000100
1111101010000110
1111111111100111
1111101010111110
1111111011010001
1111111000111001
1111111010011000
1111110011100101
0000000001111111
0000001011001011
0000010110110100
0000000001010100
1111111010111011
1111111101101101
0000001101010001
1111111101000011
0000001010011111
0000000110110111
0000000001110011
1111111111100110
0000010111000001
0000011011100001
1111111110011011
0000001001110001
0000010011111111
0000010001111111
1111111010101101
0000000111100110
0000000110101101
0000001000010101
1111111100101101
1111111011001110
1111111000011000
0000001000011010
0000000010000100
1111101110100101
1111110011010010
1111110010010100
0000010100001010
0000000110010100
1111110110110101
0000000010101110
0000010100111001
1111111111001001
0000011100000001
0000011000011111
1111111101101101
0000010011010111
0000010000011010
0000010001101110
1111110111110110
1111111011001111
1111111100010011
1111101001100000
0000000111001011
1111110011100011
1111111000000111
1111100011111100
0000001001001010
1111110001111101
1111110111010000
1111110111001100
0000000111010110
0000000111010011
1111110001011101
1111110100001010
0000000110111110
0000001100101111
0000000110110001
0000001010000100
1111110000101010
1111111001010101
1111111010101000
0000000111100111
1111110000010001
1111110010100010
1111100010100011
0000000110111011
1111110001111110
1111110010101011
1111101000111011
0000000010011100
0000000101110110
0000001010011100
0000001101111010
1111111101111110
1111111111010100
0000000101001011
1111110000010011
1111101101110100
0000001011011011
1111100100110110
1111111010100100
1111110011100010
1111101001000111
1111110011000100
0000000010001100
0000001110100011
1111111100001000
1111110100011000
0000001000110100
1111100111000000
0000000111111110
0000000100000011
0000000011110100
1111111011110110
0000001001000111
0000001010000110
1111111010010010
1111111111101100
1111111011111010
0000010000100000
0000000100001111
1111110101011110
1111111101000101
1111111010111111
0000001000010011
0000000101010010
1111100100101000
1111101111111000
0000000011101010
1111111001001100
1111110111001000
1111111011011010
0000000111010010
1111101111111111
0000001111111000
0000001111100001
1111111110100000
0000001111111101
0000010011111111
1111111100000001
1111101110100111
0000000101100101
1111111000110011
1111110100101110
1111101111110111
0000001001110101
1111110111100111
0000000111100011
0000000001011101
0000000100100101
1111111110001100
1111111000000110
0000010000101000
0000000100000000
1111111001000100
0000000101110100
0000000000001001
1111111111000100
0000000011000100
0000101001010100
0000000100100011
1111110010010001
0000001100110011
0000001000111001
0000010100000111
1111110111011110
0000000011100110
1111110111101110
1111110011110011
1111111101010011
0000000011110010
1111110110001010
0000000111000110
0000000101000101
0000000100111010
1111111100001111
0000010010110001
0000001000110101
0000000011011101
0000000010111010
1111111101011100
0000001011111101
1111111011111111
0000001101101101
0000000010000111
1111101101110101
0000000010100100
0000001110100100
0000010011000110
0000001011110001
0000001011111000
0000000010111001
0000000110101101
0000000010110011
0000000011110100
0000000011111010
1111110111000000
0000011000110110
1111111011011101
1111111000111111
1111111110000010
0000000001101101
1111111011001011
0000000110011010
1111110011110011
0000000010110000
1111111110000001
0000010001101100
1111111110100011
1111110110111110
0000000101011000
0000001111000011
0000000011111000
1111111001111001
0000010011011000
0000000000110111
0000000110101010
1111111100010100
0000000001101000
0000010100010000
1111110101011110
0000001001010110
1111110111111010
1111101110010000
1111110111011001
1111110111011100
0000000010010000
1111110110101101
1111110110000111
1111111011010111
1111110111010100
1111111001101011
1111110111000100
0000000101111001
1111111110010010
0000001001111110
1111110100100100
0000000100010001
1111111001101001
0000001100010101
1111101111000100
0000000101000111
0000000101001101
0000010001000110
0000001001001000
0000001011000011
0000010011100110
0000000010011010
0000001100000001
0000001011100100
0000000010100001
1111110011001101
1111110101101000
1111100111110001
1111111111110000
0000000111100011
0000000010000011
1111111010110110
1111110101100000
1111110011010110
1111111010101001
1111110111100101
1111110101101011
1111111111111010
0000000011111101
0000001000110011
1111111111100111
0000000001010110
1111111010000001
1111111111100010
0000011100001101
1111100100111111
0000001011000101
0000000110010110
1111110101011100
0000000001010100
0000000100111110
1111110010111100
1111111010100000
0000000000010000
1111111100011101
1111110111110101
1111110010000011
1111101111100100