1111101110111000
0000010111110011
0000010001000101
1111101100010000
0000100101101010
0000001000111011
0000010000000001
0000000110000111
0000000110100100
0000011000010001
0000000110000000
0000000011001001
1111110100010100
0000001000111111
1111101001101010
1111110100101101
0000100011010101
1111110001001010
1111101011101000
0000000101000111
1111111011011011
1111111011001100
1111111000011111
0000000001011100
1111101010101111
1111111101101010
1111101111110101
1111111110010011
1111101111011111
1111101001101110
0000000111110100
0000001010001111
0000000110011000
1111111100101011
0000000101001001
0000000000101110
1111110001011101
0000010001110110
0000001110100011
1111110010100001
1111100111011100
1111110001101010
1111110011011110
1111111101000010
1111101110001110
0000001001011010
1111111111111000
1111111111110111
1111110000111101
1111111100110011
1111101100011000
1111110101100110
0000000011011111
1111110100001010
1111110100001110
1111100110000000
0000000000010010
1111101101001101
1111110011111010
0000001011111111
0000001010100001
1111111000000110
1111101001010010
0000000101001001
0000001010001100
1111111111111100
1111111101110000
0000001000000001
1111101011010110
1111101011101010
1111111110011101
0000010100110110
1111110110011101
0000011100111111
0000001000010001
0000000010110100
1111110101111000
0000100101000101
0000001001101111
1111111111011111
0000000010000100
0000000011000010
1111111001011100
1111101000100111
0000000001100110
0000000011111101
1111110101111000
0000000000101101
0000000110010010
0000010110100000
1111110010100110
0000010001111000
0000000100100111
0000001111100001
1111111100001000
0000001010100101
1111110101001000
1111110100000100
0000001000100111
0000100010100111
0000010010111110
0000000001010101
0000010101110110
0000010001101110
0000011100000000
0000000101100101
0000010010110000
1111111111110011
0000001011101011
0000001011110111
0000011001010010
0000000100100000
1111101010010100
0000000111001010
0000000011000001
1111111111010001
0000000011000010
1111111011011001
0000001010110000
0000001111110100
0000000000100000
1111111001100001
1111101111101111
0000000111001111
1111110011011100
0000100000100101
1111010011111111
1111110010110101
1111101111110000
1111101101101011
0000001000011010
0000001001001110
0000001100100101
1111100011100011
1111110110011010
1111100110011011
0000000101101101
1111111000110111
1111100100010111
1111111001010011
0000001110101111
1111110101010010
1111110111111011
1111111100100011
0000000110110101
0000000101100100
1111110110001110
1111110101101010
1111110000001100
0000001101010001
0000011000111101
0000000101011000
1111111000001100
1111100100111010
1111111100110010
1111011011111110
1111110001010101
0000000101110010
0000000110000000
1111111001000011
0000000010000010
0000011111010010
1111111100110101
0000001101100000
0000000010110011
1111011110111001
0000000000000000
1111111001101011
1111111011111000
1111110110101000
1111111101101011
0000010100110011
1111110110100110
0000001011101110
1111001101000010
0000100111001000
1111011010110011
0000001010001010
0000010101101110
1111011000100111
1111110010011001
1111110110011100
0000000010101101
0000000101110100
0000001000100010
1111110010001100
1111100110010111
1111100011011000
1111101011111011
1111110000000110
0000001100001101
0000001011100110
0000000110001101
1111111010100111
1111110101100011
1111101010011101
0000000100110000
0000000100001011
1111111100101011
0000001110101111
1111111000001011
0000000001011001
0000011000100000
1111111000011110
0000001101110011
0000001001111101
0000000001011011
0000001101010111
0000001001111010
1111111000001000
1111110011111011
0000100010000100
1111111001000000
0000010000011110
0000010000111000
1111101100000010
1111111000100001
0000000011011011
0000000010001000
1111111100111010
1111101000101001
0000001101010101
0000010001101101
0000110001010110
1111101110001000
0000001001101000
1111111010011111
1111101000011101
0000100101110100
0000100001111010
0000011000000000
1111110001110010
0000001011011011
1111110010010011
1111110111110011
0000001011001100
1111111000101100
1111110110010011
0000000000111001
0000000001111001
1111111101100101
0000000111001101
0000000010111101
0000000101000000
0000001001000001
1111111010001010
1111101111000000
1111111110000000
0000001011100001
0000000110001001
0000001010011101
1111110000010001
1111100100000001
1111101110010010
1111100010000001
1111110000110110
1111111001001000
0000000100000010
1111111001111010
1111110000011011
0000010000000101
0000000011011110
0000001000111010
0000000110010100
0000000101010000
0000001001000110
0000000000110101
0000010000000010
0000001000000000
0000011010100010
1111110011010110
1111110010001110
1111110100000111
0000000100011010
1111111110010011
0000001000000101
0000010101011001
1111100000001100
1111111011100000
1111101010001110
1111111110101010
1111110111000000
0000010101111011
0000001010100111
0000000010111111
1111110011101010
1111101010011010
1111111011100001
0000001000011000
1111111110001101
1111101100001101
1111110111010001
1111011010100000
1111111000100001
0000001101100000
0000000000110100
1111101100111111
1111111111101101
1111111101001000
1111100001110101
0000010110011010
1111110111111010
0000000001010001
0000010110100011
0000000110010111
1111111111101101
0000000101101001
1111101011010110
0000001111010000
1111110001111111
1111101111001110
1111101100110000
1111110010001100
0000000100100000
1111111100111001
0000000001101101
1111110110011100
1111101110111010
1111110010100101
0000000011111110
1111111101101111
0000001001100001
1111101110110000
1111111110011010
0000010000101100
0000000001000101
0000010001000000
1111110110101101
0000010000010010
1111111001011000
1111110011001101
1111111000000101
1111111001101000
0000000110100100
0000000001000110
0000100000011011
1111111110001001
1111111010100111
0000000010011110
0000001101110101
0000001101110011
1111111111100000
1111110100000001
1111110111011100
1111110100101111
1111111010001000
0000001011101101
0000001010101010
0000000011110100
1111111111010111
1111111111000000
1111111010001000
1111111100100000
1111110100110110
0000000001000111
1111101111001010
1111110011100010
1111111101000110
0000000010010101
0000000101110100
1111111011010000
0000000100110110
1111110000010100
1111110101010011
1111110110101000
0000001011100100
0000000110001011
0000000101111101
0000001111110110
0000001011001111
0000001111000100
0000011110111100
1111110001011101
0000000100111000
0000001010111000
1111101100111101
0000010000101110
1111101001001111
0000000001100110
0000001010110111
0000001011100110
0000001111110110
1111111000011011
0000000000011100
0000000111000101
0000001100111100
0000101000010000
0000001100100110
0000001001101001
1111110110010001
0000000010010100
1111101011110000
0000001101110101
1111110011110001
0000000101011110
1111110110101010
1111111000001101
1111110100010101
1111111001110000
1111100000110110
0000000100101101
1111110100001000
0000011000010001
1111111001111111
1111111101110000
0000001000000110
1111101011011101
0000000101011101
0000001111110101
0000000111001010
1111101000001001
0000000100001010
0000000001001101
0000001000011110
1111101110011110
0000001010111100
0000001001010100
1111100011101101
1111111110100101
1111101110100101
1111111000110111
0000010010101110
0000000110010000
1111111111001000
0000001001101001
1111101100100011
1111110100100100
1111101101100101
1111101110100011
0000001100100000
1111111011011101
0000000110111100
1111101110010111
1111110111010111
0000000111010101
0000000110010100
0000000001101010
1111110010110100
1111111101001001
1111111011010000
1111111010101010
1111110001000110
0000010100001011
0000000000101011
0000000001001000
0000000111100010
1111111100110011
0000000111111101
0000011001011110
1111111110100101
0000000001010110
0000001011001010
0000001111001010
0000001110111011
1111110000100000
1111111000001100
0000000100100001
1111110011100000
1111101011011101
0000011000000001
1111100110101100
1111110100111000
1111111100000101
0000010000100100
0000000010011100
0000001011101001
0000001100010001
1111111100100110
0000010001101110
1111111001110011
1111101110110111
0000000011101011
0000000001001100
1111110101000100
0000000110111010
0000000110011110
1111111011101000
1111110111001001
0000001011001101
1111111101111100
0000000101111110
0000001000100000
1111110111111001
1111111101011100
0000100001111101
0000010010111010
0000010101010001
1111110110101011
1111110101010110
0000010000010110
1111101001101011
1111101111100101
0000001101101000
1111111001000010
1111101110000101
0000001000000101
0000001100101110
1111110111011110
0000010010011100
0000000011101110
1111110111111101
1111101111110111
1111101101110001
0000000100101011
1111110110000000
0000011101000010
0000100001110101
0000000101011011
1111110110011101
1111101111001001
1111111011010101
1111110011101110
1111100101101001
1111111010010001
0000001000010011
1111110111110000
1111111010000100
1111101011011011
0000001111010010
0000001000000010
0000000111100101
1111010110101011
1111110001011111
0000000001011101
1111111101011001
1111111101111010
0000000101110000
1111111000101101
1111101111100011
1111101011100100
1111101110011101
1111110100101100
0000000000101011
1111010111111010
0000000100011000
0000010001110101
1111111011101100
0000001010000011
1111101001110011
0000001011110100
0000001010011000
0000000101011000
1111101010110111
1111110000101101
0000001011010100
0000000001110100
1111110000101000
1111111110010011
0000000111101101
0000000110011101
0000000100011000
1111110101011001
0000010001111001
0000011111001011
1111100110000001
1111111110100100
0000011101011111
1111101110101000
0000010010000101
1111111011011010
1111110101010000
0000001010011100
0000001011011011
1111100010000001
0000011000101101
0000000100001010
0000000110110100
1111110101000011
0000010100001000
1111111101110000
0000011011110011
1111111000111001
1111111110110100
1111111010001101
0000010000001001
0000000010010011