1111111100101001
1111110101111110
0000000000001111
1111111010000010
1111111110000110
0000001100111110
0000010101111110
0000001101110110
1111111001100001
1111110110000000
0000001110100110
0000001110101011
1111111001000111
0000001011101010
0000000011010100
1111111111001001
0000000101011111
1111110111000110
0000010101100100
0000011000000010
1111111100111101
1111110101110111
0000011101010110
1111110010011001
0000000110010110
0000000011101110
0000001101010000
0000001011101100
0000001001100100
1111110100111101
0000010010011110
1111110110011011
0000000110001111
0000000111001010
1111110011010101
0000001010001010
0000000100000110
1111110000010100
1111111011011000
1111111011010011
1111111011001101
1111111011010001
1111111011110011
0000001011111111
1111111000001001
1111110100101100
0000000111100111
0000000001111110
0000000010110000
1111111111100110
0000000100100101
0000001000111011
1111110001001100
1111101111101101
1111111000011010
1111011110101011
0000010000101100
1111110001000010
0000000100010011
0000000001101011
1111101111000011
1111101111100111
1111111111001101
1111111001110011
0000000001011101
1111110110000010
1111101000001010
0000000001011111
1111110000010100
1111110100111101
0000000100001111
0000100001110011
1111111101011010
1111110110010111
1111101011100001
1111101110100011
0000010010000111
0000001110011001
0000001100110001
0000000011100111
0000001101000010
1111111000111101
0000001010001011
1111111001011011
0000010000010011
0000000110110110
1111100111011011
1111111110101110
0000000010110011
0000000010000001
0000000001001100
1111110000111111
1111110101101010
0000001000101110
1111110001101000
0000001110000010
0000001010000011
1111111100101101
0000000001100001
0000000010011010
0000000001001001
1111111110000110
1111111010110111
0000001011101010
1111111101101100
1111110100000011
1111111101100010
0000000110100011
1111110111010010
0000000000010101
1111111110000101
1111110011101111
1111111101000111
1111111000001101
0000001001010000
0000000110001001
0000010011101110
0000010000000001
1111110100000010
1111100101101000
1111110001111100
0000000010011101
0000001101111101
0000000110101011
1111111110101101
0000000110100010
1111101101110000
1111110001101000
1111110010101000
0000000010110101
1111111010110011
1111101011100100
0000010010110110
0000000100111000
1111110011000100
0000001100001100
1111101011110111
0000001111110110
0000000101011000
1111111100111101
0000000011110101
1111111111011111
1111111111001101
1111111110110000
1111110111000110
0000000010110111
1111110111011100
1111110100111010
0000000100000101
1111111100100000
0000010100011001
0000010110000000
0000001111100101
0000001010100001
1111111000000010
0000001111011101
1111110001100111
0000000000001110
0000001011011101
1111111011110100
1111111111010100
0000000111111110
1111101101101100
0000000100001110
1111111010010000
1111101101000110
0000000110010011
0000000000100101
0000100011001100
0000010000011001
0000000011000000
0000000011000011
1111110101100011
0000000100110110
1111110011111000
1111110100101100
1111111010101101
0000011111111111
0000000101101011
1111111001011110
1111111010101111
1111111110011100
1111110100001110
1111101110110000
0000000000011001
1111101111000101
0000000010101010
0000000010010100
0000000101010101
0000000100010110
1111111100111100
1111111010001000
1111111011000110
1111110111100101
0000000000110101
0000000001010011
1111111010110000
1111111001011010
1111111111010001
0000000011001011
1111110000101101
1111110100111001
1111111011001001
0000001101010010
1111111111010010
1111111010001111
0000001011110100
0000001100100101
1111110110100110
1111111011011101
1111110111000011
0000000000100000
0000001011101011
0000001100011100
0000000010001000
0000000010001110
1111110011101100
1111111001000011
0000001100000010
0000000101000101
0000000000000111
0000010000011011
0000010100101010
0000010010100001
0000010111011101
0000000101000010
0000011100000110
1111111000011111
0000011010111110
0000000110000011
1111111010111100
0000100011001101
0000001110011111
0000000110111001
0000000100101100
1111111000001010
1111111100101010
1111111110111101
0000000101010111
0000000010000000
1111100111110111
0000001010010001
0000000101001000
0000001111100010
1111111101101000
1111111100010010
0000000010111111
0000010010111010
1111111111011111
0000001001011011
0000000111111111
0000001010000011
1111110101011110
1111110110110110
1111111110010000
1111101011100000
1111111001111111
0000000010000010
1111111100011111
0000000011011100
1111111100111100
1111111001001001
0000001001010000
0000000000111011
1111110110011111
1111111101101001
1111101001101111
1111111010110111
1111110001001100
1111110101110010
1111100010011001
1111110111010010
1111110111000101
0000000001100110
1111100010111001
0000000001101000
0000000000110111
0000001001101000
1111110111011011
1111110101001001
0000000000010111
1111110111111110
0000010110001111
1111111111110000
0000000100001001
0000000011111100
1111111011000000
1111111111111111
0000001010001001
0000000001011000
0000000100000111
0000000000010000
0000000011000010
1111111101101111
1111101110101110
0000001110000100
1111100001001000
0000001000011011
1111110110010111
1111101011000110
0000001001001101
0000011000100100
0000000010010010
0000010001000000
1111111000010110
0000000100011011
1111110001111011
1111111100001000
0000010001111101
1111111110000101
1111110101010110
1111111000110011
0000001100110001
1111110001011101
0000000111101011
0000000110000010
1111110101101011
1111111111000011
1111111100011000
1111110010110001
0000011110110100
0000000001110010
0000010111100111
0000000100110011
1111101011011010
1111111100100111
1111110000000101
0000011000111000
1111101101000101
0000000101111010
0000000101111010
0000000001001110
0000000011011001
0000001001010110
0000010100101101
0000000110000011
1111101011011001
1111111000100001
1111111100001110
1111110111010001
0000000100110010
0000000100111110
0000011110001110
1111110011100000
1111110001110100
1111011101111111
1111111000111010
0000001100011010
0000010100101111
0000001101100001
0000001111110110
1111110111001101
1111111101010111
0000000110111100
1111111001011101
0000000110010101
1111111010001101
1111111011000011
1111111001000100
1111110100101000
0000000100000101
0000001101000111
0000010000110000
0000000100101001
0000010010010010
0000011001000100
0000010110011010
0000010110011100
1111111011100110
1111100110011110
1111011010010010
1111111100011000
0000001101010100
1111111100100101
0000011101101010
1111111110110101
0000001001101110
1111110001111110
0000001100111001
1111110010000011
1111110110011000
0000001000100010
1111110101001010
1111111111010111
1111110111111110
0000001000100000
0000000010001011
1111110111001101
0000000111000010
1111101000100101
1111110010001011
0000010000101010
1111111011101111
0000011001010010
0000100011100110
1111111001001110
1111111110010110
1111111101000011
1111110010001011
0000000000011001
0000001111010001
0000010011111101
1111111101010110
0000000001010101
0000000101100100
0000001101111111
0000000010001010
0000001100111100
1111111011101111
1111111111100110
1111101001100011
1111111000111001
1111100111011101
1111110000000011
1111111011110001
1111100111111000
0000001100101111
1111111001110010
1111101011111101
1111111100111101
1111101001011110
0000001101010011
1111111011010010
0000000010111110
1111111001000000
1111100110110110
1111111110010111
1111111111110001
1111110010101001
1111011111000000
0000000010000011
1111111100010111
0000001110011010
1111101110111000
1111111011100110
0000011100000101
1111110101011100
0000010110111001
0000001100100011
1111101010110000
0000001100001101
1111110111001010
1111110100011010
1111110011111001
1111110011100000
0000001011011011
1111101111010001
1111111101100101
0000000000010010
0000000011001110
1111111000000100
0000000111000111
1111110101111010
1111111111011001
0000001011101101
1111111001011110
1111111111011001
0000000100001000
0000001011110000
0000000110111110
0000001110000001
0000010111010111
0000001110000001
0000000001110010
0000000011010000
1111101111100001
0000001001000011
1111111000101101
0000000111000010
1111111011000000
1111110001110101
0000001001111100
1111111110111101
0000000001111001
0000001001011111
0000001011111010
0000001001000100
0000001001101011
1111111101110100
0000010101101001
1111111111111010
0000000010010001
0000010010001010
1111111101000110
0000000011011001
1111101010110011
1111101001010100
0000010010110101
0000001001001110
0000001001010111
0000001100100010
1111101011010101
1111111011101110
1111110111111101
0000001100001110
0000000000110101
1111110111011111
1111110111100110
0000000101001010
1111110001101010
1111111110111110
0000001001010001
1111111100011100
1111101111011101
1111110101001110
0000000100101000
1111111110011011
1111110100110001
0000000110001010
1111111101111000
1111110010111001
0000001000110001
0000000000000010
0000000010110011
1111111110000100
0000001000011111
0000001001110101
0000000111001000
0000100101010100
0000010010101000
1111111110101100
1111111110000001
1111101010110010
0000010101101001
1111110110101110
1111100010001001
1111111000110110
1111111100101011
1111110111001010
1111111111000110
1111101111110010
0000010000110110
1111111000100000
1111111001101111
0000011101000111
1111111010001010
0000001000000011
1111111100111111
1111101010110111
0000010100000111
1111111010110001
0000000100001101
0000010110010001
1111110111011100
0000000100011110
0000001101111011
1111111111001001
1111110011110001
1111111111010110
0000010000011011
0000000111101111
1111110000111001
1111111100101111
1111111111010110
0000001001010000
1111110111010100
0000100100001101
0000001110110011
0000000010001011
0000000001110001
0000000110011010
1111111111110011
0000001100000001
1111111011010110
1111110010010011
1111110111110000
1111010001001011
0000001100011111
0000001010010001
1111110010100010
0000001000100110
1111111101101001
0000011011100000
0000000010001101
0000010011000000
0000001101000111