0000000011100011
1111111100010011
1111111101011011
0000000010110111
1111111000000110
0000000111010000
1111111101000000
1111110100010100
0000001001110110
0000000100110110
1111111010000000
0000001001100110
1111111110111101
0000000011100111
1111111011010111
1111111010001011
1111111110110010
1111111101011101
1111111111010000
1111111100100110
0000000010010000
0000000100010100
0000000110001110
0000000010111000
0000001001000010
0000000011110101
1111111000111100
0000000001011000
0000000001110101
1111111101010010
0000000100111101
0000000011100110
1111110110111110
1111111110010000
1111110101111000
0000000110100000
0000000100110001
0000000001011111
0000000011101101
1111111100011000
0000000000100000
0000000011000000
1111111111010000
0000000010100000
0000000000101100
1111110101011100
0000000111001110
1111111100011100
1111111010111000
1111111110110111
1111111010000110
1111111111110111
1111111001101000
1111111011100010
0000000111010001
1111111100000001
1111111011111101
0000000101011100
1111111110011010
0000000011100111
0000000010011100
1111111101001010
0000000000100111
1111111001110001
0000000101100000
0000000010100000
1111111111110000
1111111100100000
0000000110011000
1111111100000110
1111111111011110
0000001001010010
1111111100100100
0000000011111100
0000000000101101
0000000001101100
0000000010000111
1111110111101100
0000000011001111
0000000110111001
1111111010110010
0000000001000000
0000000100011101
1111101111110010
0000000000011010
0000000001101000
1111111111100110
1111111101100001
0000000010101000
0000000101101000
1111111100111010
0000000010101101
1111111101111001
1111111111010000
0000001010101011
0000000010111100
0000000100011111
0000000010001010
1111111001000111
1111111111110010
0000000001011100
1111111000110001
0000001000100011
0000001111001011
0000000000111110
0000000011001000
1111111110101100
1111111001101110
1111111011001100
0000000010111001
0000001010001101
1111111001010001
1111111010100000
1111111011110001
1111111110001000
0000000101011100
1111111111010011
0000000111100010
1111111001011100
0000000000001110
1111110010011001
0000000000111000
1111110011011111
0000000100000100
0000000101101101
1111111001111000
1111111010110010
0000000000001110
1111111000000110
1111111101011111
1111111110011000
1111111011110111
1111111101110000
1111110011010000
1111111011111111
1111111011110000
0000000011001011
0000000110110001
0000000000010011
0000000100111100
1111111011111010
0000000000111011
0000000011001111
1111111110000011
1111110101101100
0000001100000100
1111110111101000
1111111010100110
0000000010100101
1111110101000110
1111111111100000
1111111100011101
0000000010110000
0000000110011100
0000000011011010
0000000011111111
0000001001111001
1111111000000100
0000001000001010
1111111111011100
0000000100101001
1111111100101100
1111111111110000
1111110101011010
1111111111100010
0000000011001101
0000000101111111
0000000111100001
1111111101110111
0000000010111111
0000000010111110
1111110011110110
0000000011000011
0000000001001011
0000000001011111
0000000010011110
0000000110110000
1111111101110110
0000001100101010
1111111101100011
0000001000100001
1111111100100111
1111111100110101
0000001101110100
1111101010111011
1111111010000110
1111111101111011
0000000011000010
0000000000101000
0000000010001010
1111111101101000
0000000011000000
1111101111111101
0000000110000000
1111111010110011
1111111110110101
1111111110100111
1111111101100111
1111110110100001
1111111111101110
0000000110111000
1111111110100011
0000000110001101
1111111010011110
0000001001010100
1111110010111001
1111111101011101
1111111010110110
0000001011010101
0000000001111011
0000001000011100
1111111101001111
0000000000101001
0000000000001011
1111111110001000
1111111100011110
1111111111010111
0000000001101100
0000010011101010
1111110111111011
1111111111010101
1111111110001100
1111111110101010
1111111011001011
0000000101000110
1111111001101000
0000000010101101
1111111011101100
0000000001001000
1111111101011110
0000000001100010
0000000010001001
1111111111010010
1111111110100001
0000000010100100
1111111011111000
1111111110101110
0000000001010111
1111111011100110
0000000010010010
0000000100011111
0000000010010000
0000000011011001
0000000100111101
0000000001101000
0000000010111100
1111111100000000
0000000000110010
1111111100101001
1111111100111000
0000000111001001
0000000011100100
0000000000011001
1111111101101011
1111110100101001
1111111101110001
1111111011011110
0000000101101100
1111111110111000
0000000111001110
1111111111110010
0000000000100011
0000000010001010
0000000101010011
1111111111100101
0000000000001100
1111111110000001
0000000010101001
1111111111001101
0000000001000010
1111111000111110
1111111100011101
0000001100111100
1111111101010110
0000001000111101
1111111110011100
1111111110110001
0000000100011101
1111111010011110
1111111111101110
0000000111001011
1111111111111011
0000000101100111
0000000110111001
1111111010001111
1111111001000010
0000001100001100
0000000011001000
1111111111010000
1111111110000101
1111111100111000
1111111101011011
0000001010101010
1111111001001100
0000001010100101
1111110111000101
0000000010011010
1111111110101010
0000000001000110
1111111010000000
0000000011001010
1111111111100110
0000000000010011
1111111010101100
0000000001011010
1111110110010011
1111111010000111
1111111111111111
1111111101111001
0000000011110101
1111111010101001
0000000011100111
0000001001011111
1111111101000110
1111111010111001
1111111111001011
0000000011000001
1111110010100100
0000000110000011
1111111111010100
1111111110001001
0000000101100101
0000001010110001
0000000000011001
0000000011101011
0000000111110011
1111101111101100
0000000010011110
1111111011011011
0000000001111011
1111111100100011
0000000011010101
1111111111100000
0000000100011101
0000000000001011
0000000110110010
1111110100011011
1111110110010001
0000000111011010
1111111111011101
0000000000101011
1111111011100001
0000000010111010
1111111000111011
1111111101001000
0000000000110000
0000000001001010
1111111111010011
1111111101111011
0000000001000001
1111111100000111
0000000011100010
1111111101110000
0000000010101100
1111111111111100
1111111011001010
1111111010011111
0000000000100000
0000000110111100
1111110010000101
0000000010010010
0000001001110011
1111111111101010
0000000001001000
0000001101110001
0000000100011111
1111111010111011
1111111110010110
1111111010110011
1111111110100100
1111111110100110
0000000111111000
1111111000000101
0000001011000011
1111111011011011
0000000010110111
1111111101000000
0000000010001001
1111111001011001
1111111010101101
1111111111011001
1111110010110011
1111110111001010
0000000010101101
1111111111011110
1111111101010110
0000001101001100
1111110010110100
0000001100000101
1111110011001000
1111111101111111
1111111001111111
0000000001011010
1111110101011111
1111111101000011
0000000011111000
0000000101101000
1111111001010000
0000001110100101
1111110111110101
1111111101101101
0000000110011100
1111111100010111
1111111110111001
0000000101111010
1111111001000000
0000000011001000
1111111111000100
1111111001010100
1111110111010011
0000000010111011
1111110100110101
0000000100110101
0000000001000110
1111111110000000
0000000000011111
1111111110101100
0000000101001111
1111110101010001
0000000110000111
1111111000010000
0000000000001110
0000000010100011
0000000100001111
0000000101011000
0000001011101010
1111110101101010
0000000010011100
0000000010100000
0000000111110110
1111110000110010
0000001001000000
1111111011001101
1111111100110110
1111111111111111
0000000001010111
0000000000000011
0000010111101001
0000001001001010
1111110111000011
1111111101100000
1111110111100100
0000000010100101
1111111110010011
1111111111110000
1111111111101100
1111111110011101
0000001000011100
1111101011111000
1111111101100000
0000000000011110
1111110101000100
0000001101111100
1111110001001110
0000000011001110
1111101101111110
1111110101010101
1111110101100000
0000010000111001
1111110101000110
0000001001100010
1111111000010101
0000000110000101
0000000101111011
0000001110001011
0000001000010011
1111110111001101
0000001111110101
1111111001001011
1111101111011101
0000001010000110
1111111101010101
0000000111111000
1111111011100000
0000001010110001
0000000010101100
0000000001011001
1111110100001000
0000000001001001
1111111100001001
0000000000110111
1111110111100010
1111111111001101
1111111001001010
0000001001011001
1111110111101100
0000000110101100
1111111100001011
0000000101010000
1111111000110000
1111111101111101
1111101111111000
0000001111010011
1111111101001001
0000001010110110
0000000001010010
0000001001011011
1111111011101001
0000001001111100
1111111000001111
0000001000110011
1111111011001110
0000000010111111
0000000000110001
0000000100011000
1111111001000001
1111111011100110
0000000000100110
0000000110111000
1111110111010110
1111111110101001
0000000101011000
1111110011001100
0000001010010100
0000000100110000
1111110111111011
0000001111010000
1111101111001000
0000000110100001
1111111001101111
1111111010101001
0000000010100010
1111101000110000
0000001011010000
0000000011110011
1111110011110011
0000010010001011
1111110100010110
0000001011111010
1111110111001001
1111111100000100
1111111000001110
1111111100111010
1111101100101110
0000000100011100
1111111100101000
0000001001101110
0000000110110100
0000000001001010
1111111001000001
1111111100011010
0000000110010110
1111110101111010
0000001100100010
0000001011101001
1111110101111100
0000000010101001
1111101000101001
0000000001110011
1111111000001000
0000000000100111
0000000100011101
0000001100001101
1111110100110001
0000000110100101
1111110101110011
0000000001111110
0000000011100111
1111111101011001
0000001011100011
1111111010111010
1111111011010101
0000001101011010
1111100100111101
0000010010011110
1111111100101000
0000000110100110
1111111011010110
1111111101100110
0000000111011001
0000000100111111
1111110111011011
0000010000011011
0000000010111011
1111111111000100
1111111110101011