1111110111011101
0000000011011110
0000000001111110
1111110111011100
0000000010010000
1111111100001101
1111101011100100
1111111000001100
1111111011000010
1111111110001010
0000000011101100
1111111110100010
0000000011101101
0000001011101110
1111111010001101
0000000001000011
1111110011100000
1111110100010101
1111111100001100
1111111001000010
0000001100011010
1111110111111110
1111111101010111
1111101101000110
0000000100001010
1111111111010100
1111111001111100
1111111111000100
1111111111110010
0000000011010000
1111110010001110
0000001101111011
1111110100111111
1111111110001000
1111111101011111
1111111101010010
0000001101101101
1111111000100111
1111101101101010
1111111011110001
0000001001010011
1111111110001011
0000001000111111
1111110010010011
0000011000110001
1111101110110010
0000010000100100
1111111100111101
0000001011100110
1111111000101010
0000010000000111
1111111010110101
0000000011011100
1111111111001001
0000000001000000
1111111001001111
0000000011101110
1111110110110101
1111110111000001
1111111101001110
0000000011111111
0000000001100001
0000000000000110
1111101111011111
0000000001000000
0000001000010101
1111111010010001
0000100000010010
1111110000011011
1111111110110100
1111110111001100
1111111111101011
1111110110011101
0000000011000110
1111111100000001
0000000001001001
0000001111001110
1111111010110101
1111110111000011
0000001110100100
1111111110011010
1111110000010110
0000000100010000
1111101011111011
0000001011100011
0000100010011001
1111101111000011
1111111100100000
1111110110010000
1111100110010011
0000010000100010
1111101111101001
0000010110010000
1111111011010001
1111110101111111
1111111110101111
0000000011101011
1111100101110011
0000001000110001
0000000001111001
1111111101110101
0000000100101010
1111111011110110
1111111011111010
1111110100010101
1111111000100001
1111101010111000
1111111111101100
0000001000001000
1111110010101010
0000001010111011
1111111111110000
1111110110100111
1111111111000100
1111111000001100
0000001010010000
0000100000000110
1111110101011100
0000001011111100
1111110110010010
1111110110011011
1111111101110101
1111110011010110
0000001101011001
0000000101101110
0000010001001010
1111110001110101
0000000100100001
0000010010011001
1111111001110000
0000000010110010
1111101011110011
1111110111110000
0000100110000010
0000001010001011
1111100101000000
0000000001100101
1111100001100100
1111110100110001
0000001011111101
1111101100011111
0000001101111101
0000000000010010
0000000010101001
1111101110010001
1111110010011010
0000000001110101
0000000001010001
0000001000110101
1111110111110000
1111111000111010
0000001110001010
0000000011000100
1111110010011101
1111111101010110
1111110011101001
1111111100000001
0000000111010010
1111101111101001
1111110001010110
1111101011001001
0000001001101100
0000000100001001
0000001000010111
0000001101011000
0000000010010110
0000001000010010
0000000111110100
0000001101010011
1111101101011100
1111111110110011
0000001101010100
0000001000111001
0000010100010101
0000000111100100
0000000101000100
1111111111000011
0000000110011101
0000000011000010
1111110011100010
1111110011010110
1111111011111110
0000100110010100
0000000111011100
0000010001111001
1111110001001011
0000000001101010
1111111000111010
1111111011100001
1111111101100101
0000000011101010
1111111010001011
1111110010010110
1111111001110100
1111111110000011
0000010010110000
0000000000000101
0000000010010101
1111111111001110
0000001010011011
0000100101111011
1111101100010001
0000000111100011
1111110111110000
1111111001000101
0000000101111110
1111101110011010
0000000001101100
1111100100001101
0000100000000000
1111101100011011
0000011010100000
1111110100010110
1111111111101010
1111111101000010
1111111110010000
1111101001100101
0000000011011110
0000000011000111
0000010010000110
0000000011100101
0000000111101100
0000011010001011
1111111000000001
1111110101110111
1111110010101000
1111111000101000
1111101010000001
1111111010001100
1111100000000010
0000010111110110
1111101100110010
0000101000110010
1111111111111010
0000010000101111
1111111100110001
1111111110101011
1111111011001001
1111111001010001
0000001110101011
1111111000101000
0000000100000100
0000000001101000
0000010001010110
0000000100011011
1111111011010101
1111111000011000
0000000101111000
0000100100011100
1111111111100010
1111110000100001
0000001000001110
1111011100011101
0000001111100010
1111110100011111
0000011011110100
1111011000000000
0000000111100101
1111101110011101
0000000111111111
0000001011010101
1111111000110100
1111111101110001
1111111000111111
1111111101110011
1111111011000111
1111111111101000
1111111001110111
0000000010010011
0000000111010001
0000000011010010
0000001001100001
1111111000101011
1111111010111111
0000000010100010
1111011000010100
0000000001011000
1111100011011111
0000000001100100
1111110011010010
0000100000010110
0000001111111011
0000000010100011
0000000110001000
1111111010010000
1111111100101011
0000000011001011
0000000100111111
1111111101110000
1111110101110101
1111101011110100
0000000100011000
0000000101111101
1111111011010110
0000010000110111
1111101100101111
1111111111010011
0000100000011101
1111111011101010
0000100101100001
1111011011010001
0000000110010101
1111100011010011
0000011001101011
1111101101100000
0000000100110101
0000001001101001
1111111111111110
1111111101001000
1111111100111100
1111111111111100
0000010011011001
0000000001100001
1111110111010001
0000000011111101
1111111110101001
0000000001100011
0000001001010110
0000000100110101
0000001010000000
0000001011011011
1111111100010001
0000000011011110
0000000000100111
0000000010010001
1111111011110001
0000000010100011
1111110010101010
0000000101001110
0000000100010101
1111110010000001
0000000111100010
0000010001010000
1111100110100011
0000010111011110
1111111001100001
0000000011100011
1111101111000110
0000000010110100
0000000100101001
0000001001010110
0000001000111100
1111110001011001
0000000010100011
0000000001011101
0000010111101110
0000000111011111
0000000110100011
1111110100101101
1111111100111101
1111101110011100
1111111101111010
1111110110101110
0000001010001110
0000000000011001
0000000000111111
1111110110001010
0000011010010111
0000001101110101
1111111110010101
1111111001010111
0000000101100110
1111111011010010
0000000011000110
0000001011001001
0000000010001011
0000010101001000
1111111110000010
1111111101111110
0000000111011000
1111111101010010
0000001111001010
0000000011000000
0000001110101111
1111111111000101
1111111110110100
1111110110011000
0000000000100001
0000000010110101
1111101111110100
0000001110110001
1111100010001100
1111110101010000
0000010001010101
0000000110001101
1111110100111101
1111111000110100
0000000111000001
1111111010000111
0000000111100110
1111111001110001
1111111001010100
0000001000001011
1111110001100000
0000000011011110
1111110101010010
0000001001010001
1111111011101110
0000000110100010
1111111100111000
0000000010101101
0000000011001101
1111111010101010
0000010011101011
1111111010001010
1111110111001110
0000001010001101
0000001101011100
1111111011001101
1111110110011001
0000000101011101
0000000100011101
0000000100111111
0000000011110000
1111111010100001
0000001100100011
1111111000110010
0000001001101101
1111101110111110
0000000001111010
1111111110100110
0000000001100001
1111111110001011
1111111101001101
1111110001011111
0000000111111011
1111100001100010
0000000000100110
0000010000011101
1111111110011101
0000000000010101
1111101001000110
0000000011101111
1111111000000000
1111110101101111
0000000010011010
0000000110100101
0000000100001001
0000000011100111
1111110000110100
0000000101111000
1111110010101000
0000001000110110
1111110011011001
1111111100100101
1111111011001111
0000000001000001
0000000000100011
0000000000001000
1111111010111110
0000010010101000
0000000010111010
0000011001111011
0000010010101001
1111111110000110
0000010111000110
0000001000011101
0000000110100110
1111100010110010
0000000000110000
1111110111111010
0000000000000001
0000000000001111
0000001001100001
1111111101001011
0000000101011001
0000000000000100
1111111110101100
0000000001101110
1111111101111110
0000000000000000
1111111110010000
1111110111010110
1111111010010101
1111110111110010
1111011100010011
0000010110011101
1111110110001110
0000011011000101
0000000101100010
0000000011001000
1111100101110011
0000001000100001
1111110011110110
1111011111011011
0000000110100100
0000000010101000
0000000000101100
0000001010000001
0000000111100111
1111111110110101
1111111101100000
1111111110001000
1111111110000011
1111111010001110
0000000000011000
0000000000000101
0000000101110000
1111110010100011
0000010011011111
0000000101001100
0000001011100010
0000000110111010
0000000001111101
0000000000000111
0000101010000011
1111111011111000
1111111000100001
0000001001111100
1111101111110110
0000001001000010
0000000110010110
0000000000000100
1111111101110100
0000000010101111
1111111110111111
0000000101001100
1111111010011101
0000001100111001
1111111000010001
1111110100100011
1111110111100010
1111111110001011
1111010011000111
1111110011111010
1111101100000000
0000000001001100
0000001010110001
0000010110100000
1111111000000000
1111110010110011
0000000011100101
1111101011111011
0000000010101001
0000000010100101
1111111110100100
0000000111000000
1111111000111000
0000001101000000
1111111010101110
0000000001000100
0000000000111100
1111110111010001
1111110110111110
1111111111110110
1111101101110001
1111110110100001
1111111111100111
0000000011001001
0000000101110001
0000000111110011
1111110111010011
1111111101101000
0000000011101111
0000101001000010
1111111110000000
0000001101100100
0000000001111011
0000000011000100
0000001100000011
1111110110001000
0000001100110010
1111111000101110
0000000100000000
0000000110111010
0000000111010010
1111111000110101
0000011001100110
1111101100100111
0000011001101101
1111110000001100
1111110111111110
1111111001011000
1111111010000110
1111111011000001
1111111111010111