00000000
00000000
00000000
00000000
00000000
11111101
00000000
00000000
00000000
00000000
00000000
11100110
00000000
00000000
00000000
00001110
00000000
00000000
00000000
00000000
00000000
11111101
00000000
00000000
00000000
11110111
00000000
00000000
00000000
00000000
00000000
00000000
00000000
00000000
00000000
11111100
00000000
11111111
00000000
00000000
11100010
00000000
11100001
00000000
00000000
00000000
00001111
00000000
00000000
00000000
00001011
00000000
00000000
00000000
11111011
00000000
00000000
00000000
00000000
00000000
00000000
00000000
00000000
00000000
00000000
11101000
00000000
00000000
00000000
00000000
00000000
00000000
00000000
00000000
00001110
00000000
00000000
00000000
00000000
00000000
00000000
00000000
00000000
11110111
00000000
00000000
00000000
00000000
00000000
00000000
00000000
00000000
00000000
00000000
00000000
00000000
00000110
00000000
00000000
00000000
00011100
00000000
00000000
00000000
00000000
00000000
11111010
00000000
00000000
00000000
00000000
00000000
00000000
00000000
00000000
00000000
00000000
00000000
00000000
00000000
11111010
00000000
00000000
00000000
00000000
00000000
00000000
00000000
00000000
00000000
00000101
00000000
11111010
00000000
00000000
00000000
00000000
00000000
00000000
00100100
00000000
00001100
00000000
00000000
00000000
00000000
00000000
00000000
00000000
00011000
00000000
00000000
00000011
00000000
00000001
00000000
00000000
00000000
00000000
00000000
11111101
00000000
00000000
00000000
00000000
11111001
00000000
00000000
00000000
00000000
00000000
00000000
00000000
00001110
00000000
00000000
00000000
11111100
00000000
00000000
00000000
00000000
00001010
00000000
11100010
00000000
00000000
00000000
00000000
00101100
00000000
00000000
00000000
00000000
00000000
00000000
00000100
00000000
00000000
00000000
00000000
00000000
00000000
11111011
00000000
00000000
00000000
00000000
00000000
00100100
00000000
11101110
11110010
00000000
00000000
00000000
00000000
11110010
00000001
00000000
00000000
00001000
11110100
00010101
00000000
00000000
00000000
00000000
00000000
00000000
00000000
00001110
00000000
00100111
00000000
00000110
00000000
00000000
00000000
11101001
00000000
00000000
00000000
00000000
00000000
00000000
11101001
00000000
00000000
00000000
00000000
00000000
00000000
00000000
00000000
00000000
11110101
00000000
00000000
00000000
00000000
00000000
00000001
00000000
00000000
00000000
00000000
00000000
00000000
00000000
00000000
00000000
00000000
00000000
00000000
00000000
00000000
00000000
00000000
00000000
11100110
00000000
00000000
00000000
00000000
00000000
00000000
00000000
11101111
00000000
00000000
00000000
00000000
11110010
00000000
00000000
00000000
00000000
00000000
00000000
00000000
00000000
00000000
00000000
00010010
11101001
00000000
00000000
00000000
00000000
00000000
00000000
00000000
00000000
00000111
00000000
00000000
00000000
00000000
00000000
00000000
00000000
00000000
00000000
00001100
11110110
00000000
00000000
00000000
00000000
11110101
00000000
00000000
00000110
00000000
00001110
00000000
00000000
00000000
00000010
11110111
00001000
00000000
00000000
11111001
00000000
00000000
00000000
00000000
00000000
00000000
11110100
00000000
11111001
00000000
00000000
00000000
00000000
00000000
00000000
00000000
00000000
00001001
00000000
00000000
00001001
11111101
00000000
00000000
00010111
00000000
00000000
00000000
00000000
00000000
00000110
11110100
11101010
00000000
00000000
00000000
00000000
00000000
00000000
00000000
00000000
00001010
00000000
00000000
11110110
00000000
00001001
00000000
00000000
00000000
00000000
11101101
00000000
11100111
00000000
00000000
00000000
11111011
00000000
00000000
00000000
00000000
00000000
00001111
00000000
11011101
00000000
00000000
00000000
00000000
00000000
11101111
00000000
00000000
00000000
00000000
00000000
00000000
00000000
00000000
00000000
00011100
00000000
00000000
00010000
00000000
11110010
00000000
00000101
00000000
00000000
00000000
00000000
00000000
00000000
00000000
11100101
00000000
00000000
00000000
00010110
00000000
00000000
00010111
00001011
00000000
00100000
00000000
00000000
00000000
00000000
00000000
00000010
00000101
00000000
11110000
00000000
00000000
00000000
11111110
00000000
00000000
00000000
00000000
00000000
11110010
00000000
11110000
00000000
00000000
00000000
00000000
00000000
00000000
11110001
00000000
00000000
00000000
00000000
00000000
00000000
11110000
00000000
00000000
00000000
00000000
00000000
00000000
00000000
00000000
00000000
00000000
00000001
00000000
00000000
11111100
00000000
00000000
00000000
00000000
11111001
00000000
00000000
00000000
00000000
00000000
00000000
11100110
00000000
00000000
00000000
00000000
00000000
00000000
00000000
00000000
00000000
00000000
00000000
00000000
00000000
00000000
00010001
00000000
00000000
00000000
00000000
00000000
11101011
00000000
00000000
00000000
00010001
00000000
00000000
11111000
00000000
00000000
00000000
00000000
00011001
00000000
00000000
00000000
00000000
00000000
00000000
00000000
00000000
00010010
00010011
00000000
11110111
00000000
00000000
00000000
11110011
00001001
00000000
00000000
00000100
00000000
00000000
00000000
00000000
00000000
00000000
11110001
00000000
00000000
00000000
00000000
11111101
00000000
00000000
00000000
00000000
00000000
11110001
00000000
00000000
00000000
00000000
00011011
00000001
00001100
00000000
00000000
00000000
00000000
00000000
00000000
00000000
00000000
00000000
00000010
00000000
00000000
00000011
00000000
00000000
00000000
00000000
00000000
00000000
00000000
00000000
00000000
00000000
00000000
00000000
00000000
00000000
00000000
00000000
00000000
00000000
00000000
00000000
00000000
00000000
00000000
00000000
11110100
00000000
00000000
00000000
11110110
00000000
00000000
00000000
11101101
00000000
00000000
00000000
00000000
00000000
00000000
00000000
00000000
11101001
00000000
00000000
00000000
00011011
00000010
00000000
00000000
00000000
00000000
00000000
00000000
00000000
00011000
00000000
00000000
00000000
00000000
00000000
00000000
00011111
00000000
00000000
00000000
00000000
00000000
00001010
00000000
00000000
11111100
00000000
00000000
00000000
00000000
00000000
00000000
00000000
00000000
00000000
00000000
00000000
11111100
00000000
00000000
00000000
00000000
00001011
00000000
11110101
00000000
00000000
00000000
00000000
00000000
00000000
00000000
00100000
00000000
00000000
00000000
00001100
00000000
00000000
00000000
00000000
00000100
00000000
00000000
00000000
00000000
00000000
00000000
00000100
00000000
00000000
00000000
00000000
00000000
00000000
00000000
00000000
00000000
00000000
00000000
00000000
00000000
00011100
00000000
00000000
00000000
11110110
11011110
00000000
00000000
00000000
00000000
00000000
00000000
00000001
11111001
00000000
11110110
11110110
00000111
00000000
00000000
00000000
00000000
00000000
00000000
00000000
00000000
00000000
11101011
00000000
00000000
00000000
00000000
00000000
11111001
00000000
00000000
00000000
00000000
00000000
00000000
00001100
00000000
11110010
11111101
00000000
00000000
00000000
00000000
00000000
00000000
00000000
00000000
00000000
00000000
00000000
00000000
00000000
00000000
00000000
00000000
11101010
00000000
00000000
00000000
00000000
00000000
00010100
00000000
00000000
00000000
00000000
00000000
00000000
00000000
00000000
00000000
00000000
00000000
00000000
00000101
11110101
00000000
00000000
00000000
11111010
00000000
11110011
00000000
00000000
11110000
00000000
00000000
00000000
00000000
00000000
00001110
00000000
00000000
11111000
11111101
00000000
00000000
00000000
00000101
00000000
00000000
00000000
00000101
00000000
00000000
00000000
00000000
11110000
00000000
00000000
11111100
00000000
00000000
11111101
00000000
00000000
00000000
00000000
00000000
00000000
00000000
00000000
00000000
00000000
00000000
00010010
00000000
00011001
00000000
11101110
11101100
00000000
00000000
00000000
00000000
00000100
00000000
11111100
00000000
00000000
00000000
00000000
00000000
00000000
00000000
00000000
00000000
00000001
00000000
00000000
00000000
00000000
00001100
00000000
00000000
00000000
00000000
00000000
00001011
00000000
00000000
00001100
00000000
00000000
00000000
00000000
00000000
00001011
00000000
00000000
00000000
00000000
00000000
00000000
00000000
11111101
00000010
00000000
00000000
11111011
00000000
00000000
00010000
11111001
00000000
00000000
11111000
00000000
00000000
00010110
00000000
00000000
00000000
00000000
00000000
11110100
00000000
00000000
11111111
00000000
00000000
00000000
00000001
00000000
11110111
00000000
00000000
00000000
00000000
11101111
00000000
00000000
11111111
00000000
00000000
00000000
00000000
00000000
00001001
00000000
00000000
00000000
00000000
00000000
00000000
00000000
00000000
00000000
00000101
00000000
00000000
00000000
00000000
11111010
00000000
00000000
00000000
00000000
00000111
00000000
00000000
11111000
00000000
00000000
00000000
00000000
00000000
00000000
00001000
11110001
11111010
00000000
00000000
00000000
00100010
00000000
00000000
00000000
11111001
00000000
00000000
11110001
00000000
00000000
00000000
00000000
00000000
00000000
00000000
00000000
00000000
00000000
00000000
00000000
00000000
00000000
00000000
00000000
00000000
00000000
00000000
11100011
00000000
00000000
00000000
00000000
00000000
00000000
00000000
00000000
00000000
00000000
00010010
00000000
00000000
00000000
00000000
00000000
00000000
00000000
11111011
00000000
00000000
00001011
00010000
00000000
11111000
00000000
00000000
00000000
00000000
00010101
00000000
00000000
11111010
11111110
00000000
00000000
00000000
00000000
00000000
00000000
00000000
00000000
00000000
00000000
11101110
00000000
00000001
00000000
00000000
00000000
00000000
00000000
00000000
00000000
00000000
00000000
00000101
00000000
00000000
00000000
11011011
00000000
00000000
00000000
00000000
11101101
11111111
00000000
00000000
00000000
00000000
00000000
00000100
00000000
00000000
00000000
11100110
00000000
00000000
00000000
00000000
00000000
00000010
00000011
00000000
00000000
00000000
11110010
00000000
00000000
00000000
00000000
00000000
00000000
00000000
00000000
00000000
00000000
00000000
00000000
00000000
00000000
00000000
00000000
00000000
00000000
00000000
11101101
00000000
00000000
00000000
11110111
00000000
00000000
00000000
00000000
00000000
00000000
00000000
00000000
00000000
00001001
00000000
00000000
00000000
00000000
00000000
00000000
00000000
00000000
00000000
11111010
00000000
00000000
00000000
00000000
00000000
00000000
00000000
00000000
00000000
00000000
00000000
00000000
00000000
11011011
00000000
00000000
00000000
00000000
00000000
00000000
00000000
00000000
00000000
00000000
00000000
11111011
00000000
00000000
00000000
00000000
00000000
11111011
00000000
00000000
00000000
00000000
00001000
00000000
00011000
00000000
00000000
00000000
00000000
00000000
00000000
11111101
00000000
00000000
11111111
00000000
00000000
00010010
00000000
00000000
00000000
00000000
11101101
00000000
00000000
00000000
00000000
00000000
00000000
00000000
00000000
00000000
11111111
00000000
00000000
00000000
00100101
00000100
00010001
00000111
00000000
00000000
00000000
00000000
00000000
00000000
00000000
00000000
11110110
00000000
00000000
00000000
00000000
00000010
00000000
00000000
00000000
00000000
00000000
11111101
00000000
00000000
11111101
00001011
11100101
00000000
11101111
00000000
11111011
00000000
00000000
00000000
11100100
00000000
00000000
00000000
00000000
00000000
00000000
00000000
00000000
00000000
00000000
00000000
00000000
00000000
00000000
00000000
00000000
00000000
00011000
00000000
00000000
11101100
00000000
00000000
00000000
00000000
00000000
00000000
00000000
00000000
00000000
00000000
00000000
00000000
00000000
00000000
00000000
00000000
00000110
00000000