00000000
00000000
00000000
00000000
00000000
11110100
00000000
11110101
00000001
00000000
00001101
00000000
00001100
00000000
00000110
00000000
00010100
00000000
00000000
00000000
00000110
00000000
00000000
00000000
00000000
00000000
00000000
11111000
00000000
00000000
00000000
00000000
00000000
00000000
11101010
00000000
00000000
00000000
00000000
00000000
00010000
11110000
11111110
00000000
00000000
00000000
00000000
00000000
00001101
00000000
00000000
00000000
11111011
00000000
00001101
00000000
00000000
00000000
00000000
00000000
00000000
00000000
00000000
11110111
11100101
00000000
00000000
00000000
00000000
00000000
00000000
11111101
00000000
00000000
00000000
00000000
11111010
00001110
00000000
00000000
11111001
11101010
00000100
00000000
00000000
00000000
00000000
00000000
11111111
11111001
00000000
11101101
00000000
00000001
00000000
11101111
11110110
00000000
00000000
00010101
00000110
00000000
00000000
00011010
00000000
00000000
00001010
11110000
00000000
00000000
00000000
11110000
00010101
00000000
00001110
11110101
00000111
00000000
11111010
00000000
00000000
00000000
00000000
00000000
00000000
11110001
00000000
00001100
00000000
00000000
00000000
00000000
11110000
00010000
00000100
00000000
00000000
00000000
00000000
00000000
11111101
00000000
00000000
00000000
00001001
11111001
00000000
00000000
00000000
00000010
11110000
00000001
00000000
00000000
00000000
11101110
00010010
00000000
00000110
00001000
00000000
00011010
11101101
00000000
00000000
00000000
11110111
00000000
00000000
00000001
00000000
11101110
00000000
00010101
00000000
11111000
11110001
00000000
00000000
11110110
00000000
00000010
11111101
00000000
00000000
11101110
00000000
00000000
00000000
11111100
00000100
00000000
00110010
00000000
00001101
11111101
11101010
00001011
00000001
00000000
00000000
00000000
00000000
00001001
00000000
00001111
00000000
00011000
00010010
00000000
11101011
00000000
11101101
11110001
00000000
00000000
00000000
00000000
00000000
00000000
00000000
11101110
11111101
00000000
00000000
00000000
00000001
11110100
00000000
00000010
00000000
00001010
00000000
00000000
00000000
11110001
00000101
00000000
11110001
00000010
11101010
00000000
00000000
11111001
00000100
00010101
00000000
00000000
00000000
00000000
00000111
11101100
00000000
00001010
00000000
00000000
00000000
00000000
00000000
11110110
00011000
11111011
00001011
00000000
00000000
00000000
00000011
00001101
11110011
00011010
00000000
00000000
00000000
11110010
00000000
00000000
00000000
00000000
00000000
00000000
00000000
00000000
11111001
00100000
11110100
00000000
00000000
11111000
00001110
00000000
11110101
11110100
11100000
00010010
00000000
00000000
00000100
11111001
00001110
00011111
00000000
00000000
11111111
00000000
00000000
00000000
00000000
00000000
00001001
00000000
00000000
00000000
11111101
00000000
00000010
00000000
11111000
00000000
11110101
11111011
00000000
11110001
00000000
00010000
00000000
00000000
11110111
00000000
00000000
00000000
00011000
00000000
00000000
00000000
11011110
00001010
11111101
00000000
11111010
00000111
00000000
11111111
00000100
00000000
00000000
11111101
00000000
00000110
00000000
00011001
00000000
00000000
00000000
00000011
00000000
11101101
00000000
00000000
00000000
00000101
00000000
00000000
00000000
00000000
11101100
00000000
11100111
00001110
11111010
00010010
00000000
00000000
00000101
00000000
00000000
00000000
00000000
11110101
00000000
00000000
00000000
00000000
11011110
00000000
11110110
00000000
00000000
00010000
00000000
00000000
00100000
00000000
00000000
00000000
00000101
00000000
00000000
00000000
00000000
00000000
00000000
00000000
00000000
11110100
11111011
00000000
00000000
00000000
00000001
00010000
11110101
11011100
00000000
11101010
00000000
00000000
00000000
00000000
00000000
00000000
11111100
00010001
00100001
00000000
00001001
00101100
11100101
00000000
00001000
00001000
00000000
11110111
00001100
11101110
11011010
11111101
00000011
11110011
00000000
11110101
00000000
11111101
00000101
00000000
00000000
11100001
00001011
00000000
00000000
11110111
00000000
00000000
11101011
00000000
00000000
00000011
00000000
11101101
11110100
00010011
00000000
00000000
00000000
00000000
11111000
00000011
00010001
11101011
00000000
00000000
11101000
00000000
00000000
00000000
00000000
11111001
00000000
11110101
00000000
11111111
00000011
11010100
00000101
11011001
11111110
11101110
00000000
00000000
11110000
00000000
00000011
00000000
11101100
00010010
00000101
00000011
00000000
00001000
00000000
11101111
00000000
00000000
00000000
00000101
00000000
00000000
00001000
00000000
00000000
11111111
00000001
00000000
00010100
11110100
00000000
11100011
11011001
00001111
00000000
00000000
00000000
00000000
11110111
00000000
00000000
00001010
00000000
00001000
00000000
00000000
00000001
00000000
00000000
00000100
00000000
00000000
00000000
11111101
00000000
00000000
00000001
00000000
00001110
00000000
00000000
00000000
00000000
00001000
00000000
11101001
00000000
00000000
00000000
00000000
11111111
00000000
00000101
11110111
11110000
00000000
11110011
00000000
11111100
00000000
00000000
00010000
00000000
00010001
00000000
00000000
00010010
00000000
11111110
00000000
00001011
00000000
11101010
00000111
00000000
00000000
00000000
00000000
00000000
00000000
11101110
00000000
00000000
00011111
00000000
00000000
00000000
00001000
00001110
00101010
00000111
00000010
00000000
00000000
00000000
00000000
00000000
00001001
00011001
11110110
00000000
00001000
11111000
11110111
00001011
00000000
00000000
00000000
11101101
11110001
00000000
00010000
00000000
00000000
11101111
00000000
00000000
00000001
00000000
00010011
11011001
00000000
00000011
00000000
00000000
11101101
11111010
00010011
00000000
00000011
11100011
00000000
00011010
00000000
00000000
11111111
00010011
00000000
00001000
11111110
00000000
00000000
00010100
00000000
00001100
00000000
00000000
11111100
11111001
00010010
00000000
00000000
00000111
00000000
00000000
00000000
11111100
11110011
00001011
00000000
00000000
00000000
00000000
11111001
00000000
00000000
00000000
00000000
00000000
00000000
00000101
00000000
11111111
00000000
00000000
11111000
00000000
00000000
00000000
00000000
00000000
00001011
11110011
11111000
00000100
00100011
00100000
00000000
00000000
00000000
00000000
11111011
11110101
00000000
00000000
00000000
11111010
00000000
00001010
00010101
00000000
00000000
00000000
11111000
00000001
00001101
11110110
00000000
00000000
00000000
00000000
00000000
00000000
11101110
00001100
11101101
00000000
00010010
00001100
00001001
00000000
00000101
11110111
00000111
00000000
00000010
00011000
00000000
00000000
00000101
00000100
11111011
00000000
00010100
00000000
00000000
11111100
00000000
00000000
00000000
00001001
11111000
11110110
11110100
00000000
00000000
11111001
11111111
00000000
00000000
00000000
11111110
00000000
00000000
00000000
00000000
00000000
00000000
00000000
00000000
00000000
00000000
00010100
00100110
11110111
00000000
11110001
00000000
00001101
00001100
11111110
00001101
00000000
00010001
00000111
00010101
00000000
00000000
00000000
11111110
00000110
00000000
11011001
00000000
00000000
00000000
00001100
11110101
00000000
00000000
11110101
00000000
00000000
00000000
00010001
00001110
00011000
11100110
11110100
11110011
00000000
00000000
00000000
11101111
11101100
00000000
00000000
00000000
00000000
00000000
00001110
00000000
00100111
00000000
00000000
00010110
00010011
00000000
11110100
00000000
00000000
00000000
00000000
00000110
11110111
00011111
00000101
00000000
00000000
00011001
00000000
00000000
00000110
00000000
00000000
00000000
00000000
00010001
00000000
00000000
11101010
00000000
11111100
00000000
00000000
00000000
00000000
00010111
00000000
11111011
00000000
00000000
00000000
11110000
00000000
00000000
00000100
00000000
00000000
00000000
00010000
00000000
11110001
00000000
00000000
11111111
00000000
11110001
00001010
00000000
00000000
00000000
00010101
11110100
00000000
00000000
00000000
00000000
00000000
00000000
00000111
11111110
00000101
00000000
00000000
00000000
11100111
11111000
00010011
00000000
00000000
00000000
00010010
00000000
11101100
00000000
11111000
00010001
00000000
00000000
00000000
11110001
11111011
00000000
00000010
00000000
00000000
00010010
11110111
00000000
00000000
00000000
00000000
00000000
11111111
00000000
00000000
11111110
00001101
11110111
00000000
00000000
00000000
00000000
00000001
00000000
00000000
11110000
00000000
00100000
00000000
00000000
00000010
00010110
11110011
11111011
00000000
00000000
11100110
00001010
11101101
00010000
00000000
00000000
11111100
11111011
00000000
00010111
00001011
11101000
11110010
00001011
00000000
11111111
11110101
11111100
00000000
11111100
00000000
00000000
00000000
00000000
00000000
00000101
11110100
11011111
11110111
00000000
11100100
00000000
11110010
00000000
00100001
00010010
11110001
00000000
00000000
11111110
11011010
11101111
11110111
00000000
11101111
11111100
00000000
11110100
11111101
11101100
00000000
00000000
00000000
11111100
11111111
11011101
00000000
00000011
00000000
00000000
00000111
11111100
00000000
00000000
00000000
00000000
00000000
00000000
00000000
00000000
00000000
00000000
00000000
00000000
00000000
00010110
00000000
00000000
11101011
00000000
00000000
11111111
11110111
11111010
00000000
00000001
00000000
00000000
00000000
00000000
00000000
00000000
00000000
11110110
00000000
00000110
00001010
00000000
00000000
00000111
11111001
00000000
00000101
11110101
00000000
00000000
00010001
00000000
00000000
00010100
00000000
00000001
11110101
00000000
00000000
11101110
00000000
00000000
11111101
00000000
00000000
00000000
00000000
00000000
00000000
11111110
11011000
00000000
11110110
00000000
00000000
11111101
00001111
00000000
11111101
00001001
11110110
00000000
00000000
00000000
00000000
00011110
00010001
00010110
00000000
00000000
00000000
00000000
00000000
00000000
00000101
00000000
00000000
11111100
11100100
00000000
00000000
11101011
00000000
00000001
00011010
11111100
00000000
00000000
00000000
00000000
00000000
00000000
00000000
00000000
00000000
00000000
00010001
00000000
00000000
00010101
00000111
00000000
00000000
00000000
00000000
11100011
11111111
00000000
00000000
00000000
00000000
11110011
00001101
00000000
00000000
00000000
11111010
00000000
00011001
00010000
11111111
00000000
00000000
00000000
00000000
00000000
00000000
11110101
00011101
00001010
11110100
00000111
11101110
00000000
11110101
00001100
00000000
11101111
00000000
00000000
00000000
00000000
00000100
00000000
00000000
00001100
00000000
00000000
00000000
00000000
00000000
00001000
00001110
00000000
00000000
00010110
00000000
00010010
00000000
00000000
00000000
00000000
00000101
00011000
00000000
00000000
00000000
00000000
00100001
11100101
11111101
00000000
00000000
11111101
00000000
00000100
11101000
11100110
00000000
00000000
11101011
11111001
00000000
11111101
11111000
11110101
00000110
00000000
00000000
00000000
00000000
11011001
00000000
00000001
11110101
11101111
00000000
00000000
00000000
00000011
00000000
00000000
00000000
11100001
00000000
00001001
11111001
00000000
00000000
00000000
11110100
00000000
00001000
00000000
11101111
00000000
11101101
00000101
00000000
00000000
00000000
11111100
00001111
11111011
00000000
00000101
00000000
11110101
00000000
11110111
00000000
00000010
11110111
00000000
00000000
00000000
00000000
00000000
00000000
00000000
11111111
00000001
00000000
00001100
11111000
00000000
00000000
00000000
00010000
00000000
11110001
00000000
00000000
00000000
00000000
00000011
00000110
11111001
00000000
00000000
00000000
00000000
00000000
11110001
00000000
11100000
00010010
00000000
00000000
00000000
00000000
00000000
00000000
00000101
00000111
00000000
00011011
00000000