00000000
11101111
00001101
00000000
00000000
11110101
11111011
00000000
00010011
11110010
00000000
00001110
00000000
00000000
00001101
00000000
00001101
00000000
00000000
00000000
11110111
00000000
00000000
00000000
00001101
00000000
00000000
00000000
11101011
00010101
00010001
00001100
00000000
00000000
11110001
00000000
00010011
00000000
00000000
00000000
00001110
00000000
11101111
00000000
00000000
00000000
00010110
00000000
00000000
00000000
00010101
00000000
00000000
00001001
11100000
00000000
00000010
00000000
00010000
11111011
00010000
00000000
00000000
00010101
00000000
00000000
00000000
00000000
11101010
00000000
00000000
00000000
00000000
00010111
00000000
00000000
00000000
00000000
11111001
00000000
00000000
00000001
00001001
00000000
00000100
11101100
00000000
00000000
00000000
00000000
00000000
11110110
11110010
00000000
11111001
11101110
00000000
11111000
00010010
00001001
00000000
00000000
00000000
11110101
00000000
00000000
00011011
00000000
00000000
00000110
00000000
00000000
00000000
00000000
11111010
00000011
11110111
00000000
00000000
00000000
00000000
00010111
11111110
00000000
00000000
00000000
00000000
00000000
00000000
00000000
11011100
00000000
00000000
00000000
00101001
00011001
00000100
00000000
00000000
00000000
11110001
00000000
00000000
00000000
00000000
00010100
00000000
00010000
00001010
00000010
00000000
00000000
11110101
00001111
00010010
00000000
00000000
00001110
11111100
00000000
00000000
00000000
00010000
00000000
11110010
00000000
00000001
11110110
00000000
00000000
00000000
11111100
00000000
00001101
00000000
00000000
00000000
00001011
00000000
00000000
00000101
00000000
00000000
11101010
00000000
00000000
00000000
00000000
00000000
00000000
00000000
00001110
00000000
00000000
00000100
00000000
00000000
00000000
11111010
00000000
00000000
00000000
00000111
00000000
00000000
00000000
00000000
00000000
11101010
00000000
00000000
11101001
11110110
00000000
00000010
00000000
11111010
00000000
00000000
00000000
00000000
11111001
00001001
00000000
00010000
00000000
00000000
00000000
00000000
00000000
00001001
00000000
00000000
00000000
00000000
00000000
00001110
00000000
11111100
00000000
00000000
11100101
00000000
00000001
00001010
00000000
00011110
11111100
00001111
00000011
00010011
11110100
11111101
00010110
11101111
00000000
00000000
11110010
00000000
00000000
00000000
00000000
00000000
11111000
00000000
00000000
00001110
00001011
00000111
00000000
00010101
00011000
00000000
00000000
00000000
00001101
00000000
00000000
11110011
11110100
00000000
00000000
00000000
00000000
00010111
00000000
11110111
00000000
00001000
00000000
00000000
00000000
00000000
11111111
00000000
00000000
00000000
00000000
00000000
00000000
00000000
00000000
00000000
00000111
11111100
00000000
00000000
00000101
00010011
00000000
00000000
00000000
00000000
00000000
11100111
00010110
00010011
11111110
00000000
00000000
00100000
00000010
00000000
00001100
11111010
00000000
00000000
00000000
00000000
00001000
00001010
00000000
00000000
00000000
00000000
00000000
00001010
00000000
11110110
11100010
00000000
00000000
00001000
00010000
00000000
11111110
00011001
00001001
00000000
00000000
00000000
00000000
00000000
11101101
11010010
00010110
11110101
00000000
11111100
00001010
11111111
11110110
00000000
00000000
11111101
00000000
00000001
00000000
00000000
00000000
00000000
00000000
00000000
00001010
00000000
00000000
00000010
11111011
00000000
00000011
11101110
00000000
00001101
00000000
00000000
00000000
00001101
11111011
00000000
11111110
00000000
00000000
00000000
11000111
00000000
00011000
00000000
00000000
00000000
00001011
00000000
00000000
00000000
00000111
00000000
00000000
00000000
00000000
00000000
11111100
00000000
00010100
00000000
00001100
11100110
00010000
00000000
11110011
11101000
00000000
00000000
00000110
00001100
00000000
00000000
00000000
00000000
00010001
11110011
00000000
00000000
00000000
00000000
11101100
00000000
00000000
00000110
00000000
00000000
00000000
00001010
00000000
11100010
00000000
11101011
00000000
00000000
00000000
00001010
00011101
00000000
00000000
00010011
00000000
00000000
00000000
00000000
00000000
00010110
00000011
00000000
00000000
00000000
00000000
00000000
00001011
00010011
00000000
11110110
00001100
11100101
11111010
11101001
00000000
00000000
00000000
00000000
00000000
00000000
00001101
00000000
00000000
00000000
00000000
00000000
00000000
00000010
00000000
11101001
00000000
11111001
00000000
00000000
00000000
00000000
00010000
00000000
00000000
00000000
00000000
00000000
11101110
00000000
00001101
00000000
00000000
00000000
00000000
00001010
00000000
00001011
00011110
00000000
00000111
00000000
00001100
00000000
00000111
00000000
11111010
11110101
00000000
00000000
00001110
00000000
00000000
00000000
00010111
00000000
00001101
00000000
00001010
11110100
00000000
00000000
00000000
11110000
00000000
00000000
11111110
00000000
00000000
00000000
00010100
00000000
00000000
00010100
00000000
00000000
11110010
00000011
11111101
00000000
00000000
00000000
11110100
11111011
00000000
00011010
00000000
00000110
00000000
00010001
00000000
00001010
00001001
00000000
11011101
00000000
00000001
00001101
00000000
00000000
11101111
00000000
00000000
00000000
00000000
00000000
00000000
00000000
00000000
00000000
00000000
00001010
00000000
11101001
00000000
00000000
00001111
00000000
00000000
00000000
00000000
00000000
11111001
00000000
00000000
00000000
00000000
00000000
00000000
00000000
00000000
00000000
00000000
00000000
00000100
00000000
11100111
00000000
00000111
00000000
11110101
00000000
00000000
00000000
00000000
00001011
11101111
00000000
00001000
00000000
00000000
00010001
00000000
00001000
00000000
00000000
00000100
11110011
00000000
00000000
00000000
00000000
00000000
00000000
00000000
00000000
00000000
00000000
00000000
00000000
11100111
00000000
00010100
00000000
00000000
00000000
00000000
00000000
00000000
00000000
00010000
00010111
00000000
00000000
00000000
00000000
00000000
00000000
11111001
11100100
11101000
00000000
00000000
00000000
00000000
00000000
11110100
00000000
11111011
00000000
00000000
00000100
00000000
00000000
00000000
00000000
11111110
00000000
00000000
00000010
00010001
00000000
11100111
00000000
00000000
00000000
00000000
00000000
11101101
11100100
00000000
00000000
00000000
00000000
00000000
00000000
11111011
11111111
00000000
00000000
11111110
00000000
00000000
11110101
00010110
00000000
00000000
11101011
11111100
00000000
00000000
11110110
00000000
00000000
00000000
11111000
00000000
00000000
00000000
11111110
11111000
00000000
00000101
11110111
00000000
00001010
00010100
00000000
00000000
11111111
00000000
11110011
00000000
11110111
00000000
11111000
00000000
00000000
00001001
11111011
11110100
00000000
00000000
00000000
00000000
00000000
00000000
00000000
00000001
00000000
00000000
00000000
00001101
00000000
00010110
00000000
00001001
00000000
00000000
11100101
00000000
00000000
11110001
00001100
00000000
00010001
11100111
00000000
00000000
00000000
11110011
00000000
00000000
00000010
00000000
11101010
11110111
00000000
11111110
00000000
00000000
11100101
00000000
00000000
00000000
11111110
00000010
00000000
11100101
00000000
11110000
00000000
00000000
00000000
00000000
00001101
11101010
11111010
00000000
11111001
00000000
11110001
00000011
00000000
00000000
00000000
00000000
00000000
00000000
00000000
00000000
00011000
00000000
00000000
00000000
00000000
00000000
00000000
00010011
00000110
00000000
00000000
00000000
00000011
00000000
00000000
00000000
00000000
00000000
00000000
00000000
11110011
00000000
00000000
00000000
11110111
11111111
00000000
00000000
00000000
00000000
11100110
00000000
11101101
00000000
00000000
00000000
00000000
00010011
00000000
00000000
00000000
00000000
11111001
00000111
00000011
00000000
11110010
00000000
00000000
00000000
00000000
00000000
00000000
11111011
00000000
11101111
11110000
11111010
11111000
00000000
00000000
00000000
00000000
00000000
11111011
00000000
00000000
00010001
11110110
00000000
00000000
00000000
00000000
00001110
00000000
00000000
00000000
00000000
00000001
00000000
00000000
00000000
00000000
11111000
00000000
00000000
00000000
00000000
00011000
00000000
11110111
00000000
11111010
00000000
00001110
00000000
00000000
00000111
11111111
00000000
11011001
00000000
00000000
00000000
00000000
00000001
11101001
00000000
11100000
00000000
11111010
00100011
11110101
00000000
00000000
00000000
00000000
00000000
00000000
00000111
11101011
00000000
00000000
00010001
00001010
00000000
00000000
00000000
00000000
00000000
00000000
00000001
00000000
00000000
11110000
00000000
00000000
00000000
00000000
00000000
00000000
11110110
00000000
00000000
00000000
00000000
11100100
00000000
00000000
00000000
00000000
00000000
00000000
00000000
00000000
00000000
00000001
11111001
00001110
00000000
11111010
11111001
00000000
00000000
11111110
00000000
11110100
00000000
00001010
11001110
11010110
00000010
11110000
00010011
00000000
00000000
00000000
00000000
00000000
00000000
00000000
00001010
00000000
00000000
11110100
00000000
00000000
00000000
00000000
00000000
00011000
00001001
00000000
00000000
00000000
00000000
00000000
00000000
00000001
11111101
00000000
00000000
11110010
00000000
00000000
00000000
00100001
11101011
00000000
11101101
00001111
11100110
00000000
00000000
00000000
11111100
00000000
00000000
00001100
00000000
00000000
00001110
00000110
00000000
11110101
00000000
00000000
11110110
11010110
11110001
00000000
11111001
00000000
00000000
11101011
00000000
00000000
00000000
00000000
11111100
00000000
00010111
00000010
00010110
00000000
00000000
00000000
00000000
00000101
11110101
00000000
11111000
00000000
00000000
00000000
00000000
00001110
11101110
00000000
00000000
00000000
00000000
00011001
00000000
00000000
11111001
00001110
00000000
11101101
00000000
00000000
11100110
00000000
00000000
00001100
11110111
00000000
00000000
00000000
11110100
00000000
11101101
00000000
11110000
11111110
00000000
00000000
00000001
00000000
00001101
00010001
00000000
11111101
11110101
11110111
00000000
00000000
00000000
00000000
00000000
00000000
00000000
11111100
00000000
00001100
00000000
00000000
00000000
00000000
00011100
00000000
00000000
00000000
11101111
00000000
00000000
00010110
00000000
00000000
00001100
00000000
00000000
00001111
11110110
00000000
00000000
00000000
00000011
00000000
00000000
00000011
11101110
00000000
00000000
00000000
00000000
00000000
00000011
00000000
00000000
11100100
11110001
00000000
00000000
00000000
00000100
00000000
11110100
00001100
00001000
00000000
00011110
00000100
00000000
00000000
11111101
11110010
00000000
00000000
00000000
00000111
00000000
11101110
00000000
00000000
00000111
00000101
00001001
00000000
00000000
11111010
00000000
00000100
00001101
00010001
00000000
00000000
00000000
00010000
11110111
11101010
00000000
00000000
00000000
00000000
00000000
00000000
11101101
00000000
00000000
00000000
11111000
00000010
11111110
00000000
00000000
11010111
00000000
00000000
00000000
00000000
00000000
00000000
00000000
00000000
00000000
11111100
00000000
11110011
00000011
00000000
00000000
00000001
11110001
00000000
00000000
00000000
00000000
11111111
11111001
00001100
00000000
00000001
00000100
00000000
00000000
00000000
00000000
00000000
00000000
00000000
00000000
00001001
00000000
11110100
00000110
00001010
00000000
11110001
00000000
00000000
00000000
00000000
00000000
00000000
00000000
00000000
00010111
00000000
00000000
00000000
00000000
00000000
00001111
00000000
00010100
00000000
00000000
00000000
00000000
00011001
00001001
00000000
00000000
00001001
00000000
00000000
00000000
00000000
11111011
00000000
00000100
00000000
00000000
00000000
00000100
00000000
00000000
00000010
00000000
00000000
00000000