11100111
00000000
00000000
00000100
00000000
00000000
00000000
00000011
00001011
11100001
11101011
11100010
00000000
00001101
00000000
00000000
00000000
00000000
11101111
00000000
00000000
00000000
00000000
00000000
00000000
11111011
00000000
00000000
00000000
00000000
11110111
00000000
00000000
00000000
00000000
00000000
00010010
00000000
00000000
00000000
00000000
00000000
00000000
00000110
00000000
00000000
00011001
11111011
00000000
00000000
00000000
00000000
00000000
00000000
00000000
00000000
00000000
00000000
11111001
00000000
00000000
00000000
00000000
00000000
00000000
00000000
00000000
00000000
00000000
00000000
00010010
00000000
00000000
00000000
00000000
00000000
11111011
00000000
00001111
00000000
00000000
11111110
11110001
11101100
00000000
00000000
00000000
00000000
00001001
00000000
11101111
00000011
00000000
00000000
00000000
00000000
00000000
00000000
00000000
00000000
00000110
00000000
00000000
00010111
00000000
00000000
00000000
00000000
00000011
00000000
00000000
00000000
00000000
00000000
00000000
00000000
00000000
00000000
00000000
00000000
00000000
00000000
11101110
00000000
00000000
00000000
00000000
00001111
00000000
00000000
00000000
00000000
00000000
00000000
00000000
00000000
00000000
11110011
00000000
00000000
00000000
00000000
00000000
00000000
00000010
00000000
00000000
00000000
00000000
00000000
00000000
00000000
00000000
00000000
11111010
00000000
00000000
00000000
00000000
00000000
00000000
00000000
00000111
00000000
00000000
00010010
00000000
00010000
11111101
00000000
00001000
00010100
00000000
00000000
00000000
00000000
00000000
00000000
00000000
00000000
00000000
00000000
00000000
00000000
00000000
00001000
00000000
00000000
11110101
00000000
00000000
00000000
00000000
00010101
00000000
00000000
11111000
00000000
00000000
00000000
00000000
00000000
00000000
11101001
00000000
00000000
00000000
00000000
11111000
00001111
00000000
00000000
00000000
00000111
00000000
00000000
00001000
00010010
00000000
00000000
00010001
00000000
11110110
00000000
00000000
00000000
00011010
00000000
00000000
00000000
00000000
11110110
00010100
00000000
00000000
00000000
00000000
11100010
00001010
00000000
00000000
00000000
00001000
00000000
00000000
00000000
11110001
00000000
00000000
00000001
00000000
00000000
11101111
00000000
00000000
00000000
00000000
00000000
00000000
00000000
00000000
00000000
11110000
00000000
11101101
00000000
00000000
00000000
00000000
00000000
11110100
00000000
00000000
00000000
00000000
00000000
00000000
00000000
00000000
00000000
00001010
11110001
00000000
00000000
00001111
00000000
00000000
00000000
00000000
11111001
00000000
00000000
00000000
00000000
00000110
00000000
11110101
00000000
00000000
00000000
00000000
00001011
00000000
00011101
00010001
00000000
00001101
00000000
00000000
00000000
00000000
00000000
00000000
00000000
00000000
00000000
00000000
00000110
00000000
00000000
00000000
00000000
00000000
11111010
11110110
00000000
00000000
00000000
00000000
11110000
00000000
00000110
00000000
00000000
00000000
00001001
00000000
00000100
00000000
11111111
00000000
00000000
00000000
11111000
00000000
00000000
00000110
00000000
00000000
00000000
00000000
00000000
00000000
11110011
00000000
00000000
00000000
00001001
00000000
00000000
00000000
00000000
00000000
00000000
11101001
11110100
00000000
11110110
00000000
00000000
00000000
00000000
11111111
00001101
11111100
11111101
00000000
00000000
11110011
00000000
00000000
00000000
00001000
00011110
00000000
00000000
00000000
00001111
00000000
11101110
00100001
00000000
00000000
00000000
00000000
00000000
00000000
00000000
00000000
00000000
00010000
00000000
00000000
00000000
00000000
00000000
00000000
00000000
00000000
00000000
00000000
11110010
00001100
00000000
00000000
00000000
00000000
00000000
00000000
00000000
00000000
00000000
00001010
00010111
00000000
00000000
00000000
00000000
00000000
00000000
00000000
00000000
11100100
00000000
00000000
00000000
00000000
00000000
00000000
11110011
00000000
00000000
00000000
00000000
00000000
11100010
00000000
00000101
11111100
00000000
11111100
00000000
00000000
00000000
11011111
11110110
00000000
00000000
00000000
00000000
00000000
00000000
11110100
00000000
11111101
00000000
00000000
00000000
00000000
00000000
00000010
00000000
00000000
11111000
00000000
00000000
00000000
00000000
00000000
00000000
00000000
00000000
00000000
00000000
00000000
00000000
00000000
00000000
00000000
00000000
00000000
00000000
00000000
00000000
00010000
00011011
00000000
00000000
00010000
00000000
00000000
00000000
00000000
00000000
00000000
00000000
00000000
00000000
11101110
00000100
00000000
00000000
00000000
00000000
00000000
00000000
00000000
00000000
00000000
11110110
00001110
00000000
00000000
00000000
00000000
00000000
00000000
00000000
00000000
11011101
00000000
00011010
11110001
00010000
00000000
00000000
00000000
00000000
00000000
00000000
00000000
00000000
11111110
00000000
00001010
00000000
00000000
00000000
00001001
00000000
00001101
00000000
00000000
00000010
00000110
00000000
00000000
00000010
00000000
00000000
00000000
11111101
00000000
00000000
00000000
00000000
00000000
00000000
00000000
11110010
00000000
00000000
00000000
00000000
00000000
00000000
00000000
00000000
00000111
00000000
00000000
00000000
00000000
00000000
11111101
00000000
00000000
00000000
00000000
00000000
00000000
00000000
00000000
00000000
00000000
00000000
00000000
00001000
00010111
00000000
00010000
00000000
00000000
00000101
00000000
00000000
11110110
11101111
00001101
00000000
00000000
00000000
00101111
00000000
00000000
11111101
11111100
00000000
11100111
00000000
00000000
00000000
00000000
11101111
00000000
00000000
00000000
00000000
00000000
00000000
11101111
00000000
00000000
00000000
00000000
00000000
00000000
00000000
00000000
11110100
00000000
11111101
00000000
00000000
00000000
00000000
00000000
11101100
11101011
11111110
11101101
11110110
00000000
11111001
00000000
00000100
00000000
00000000
00000000
00000000
00000000
00000000
00000000
00000000
11111001
00001111
00000000
00000000
00000000
00010101
00000000
00000000
00000100
00000000
00000000
11111111
00000000
00000000
00000000
00000000
00001010
00000000
00001001
00000000
00000000
00000000
11101011
00000000
00000111
00000000
00000000
00000000
00000000
00000000
00000000
00000000
00000000
00000000
00000000
00000000
00000000
11101111
00000000
00000000
00000000
00000101
00000000
00000000
00000000
00000000
00000000
11111100
11101010
00100001
00000000
00000000
00000000
00000000
00000000
00000000
00000000
00000100
00000000
00000000
00000000
00000000
00000000
11101100
00000000
00000000
00001111
00000000
00000000
00000000
00000000
00010101
00000000
00000000
00000000
00000000
00010000
00000000
00000000
00000000
00001110
00001010
00000000
00000000
00000000
00000000
11111110
00000000
00000000
00000000
00000000
00010011
00000110
00000000
00000000
00000000
00000000
00000000
00000000
00000000
00000000
00000000
00000000
00000000
00000000
11111100
11111000
11110011
00000000
00000000
00001010
00000000
00000000
00000000
11111010
00000000
11101011
00000000
00000000
00000000
00000000
00000000
00000000
00000000
00000000
00000000
00000000
00000000
00000000
00001111
00000000
00001011
00000000
00000000
00000111
00000000
00000000
00000000
00000000
11101111
00000001
00000000
00000100
11111010
00000000
00000000
11100110
00000000
00000000
00000000
00000000
00000000
00000000
11100110
00000000
00000000
00000000
00000000
00000000
00000000
00000000
00000000
00000000
00000000
00001111
11111000
00000000
00000111
00000000
00000000
00010011
00000000
11111011
00000000
11100111
00000000
00001110
00000000
00000000
00000000
00000000
00000000
00000010
00000000
00000000
00000000
00000000
11110001
00000000
00001101
00000000
00000000
00010011
00000000
00000000
00000000
00000000
00000000
00000000
00000000
00000000
00000000
00000000
00000000
00000000
00000000
00000000
00000000
00000000
00000000
00000000
11100101
00000000
00000000
00000001
00000000
11110011
00000000
00000000
00000000
00000000
00000000
00000000
00000000
00000000
00000000
00000000
00000101
00000000
00010100
00000000
11111100
11011011
00000000
00000000
00000000
00000000
11110001
00000000
00000000
00000000
00000000
00000000
00001110
00000000
11100100
00000000
00000000
11101100
00000000
00000000
00001000
00000000
00000000
00000000
00000000
00000000
00000000
00000101
00000000
00000000
00000000
00001001
11101100
00000000
00000000
00000000
00000000
00000000
00000000
00001011
00001001
00000000
00000000
00000000
00000000
00000000
00000000
00000000
00000000
00000000
00011010
00010110
11101001
00000000
11111101
00000000
11110001
00000000
00000000
00000000
11101000
00000000
00001010
00000000
00000000
00000000
00000000
00000000
00000000
00000000
00000000
11101010
11111011
00000000
11101100
11111110
00000000
00000000
00000000
00000000
11110011
00000000
00000000
00000000
00000000
00010100
00000000
00000000
00000000
00000000
00000000
00000000
00000000
00000000
00000000
00000110
00000000
00000000
00100000
00000000
00000000
00000000
00000010
11111011
00000000
00000000
00000000
11101111
00000000
00000000
11111110
11110011
00000000
00000000
00000000
00000000
00000000
00000000
00000000
00000000
00000000
11110100
00000000
00000000
00000000
00000011
00000000
00000010
11110101
00000000
00000011
00000000
00001000
00000000
00000000
11111010
00011010
11111100
11111011
00000000
11101110
00000000
00000000
00000000
00000000
00000000
00000000
00000000
00000000
00000000
00000000
00000000
11111000
00000000
11111011
00000000
00000000
00000000
00000000
00000000
00000000
00000000
00000000
00000000
00000000
00000000
00011101
00000000
00000110
11110100
00000000
00000000
00000000
00000000
00000000
11111111
00000000
00000000
00000000
11111011
00011101
00000000
00000000
00000000
00000000
11110100
11111111
00000111
11101110
00000000
00000000
00000000
00000000
00000000
00000000
00000000
00011000
00000000
00000011
00000000
00001000
00000000
00000000
00000000
00000000
00000000
00001011
11100001
11110100
00000000
00100001
00000000
00000000
00000000
00000000
00000000
00000010
00000000
11111010
00000000
00000000
00000000
00000000
00000000
00000101
00000000
00000000
00000101
00000000
00000000
00010101
00010010
00000000
00000000
00000000
00001001
00000000
00000101
00000000
11100010
00000000
00000000
00000000
00000000
00000000
00000000
00100100
00000000
00000000
00000000
00000000
00000000
00000000
00000000
00000000
00000000
00000000
00000000
00100010
00000000
00000000
00000000
00000000
00000000
00000000
00000000
00000000
00000000
00000000
00000000
11110000
00011001
11101000
00000000
00011011
00000000
00010010
00000000
00000000
00000000
00000000
00000000
00000000
00000000
00000000
00000000
00000000
00000000
00000000
00000000
00000000
00000000
00000000
00000000
00000000
00000000
00000000
00010000
00000111
00001001
00000000
00000000
00000000
00000000
00000000
00000000
00000000
00000000
11011110
00000000
00000000
00000000
00000000
00000000
00001000
00000000
00000000
00001011
00000000
00000000
00000000
11101111
11110101
00000000
11100010
00000000
00000000
00000000
00000000
00000000
00000000
00000000
00000000
00001001
00000000
00000100
00000000
00000100
00000000
00000000
00001001
00000000
11111001
11100111
00000000
11110001
00000000
11111100
00000000
00000000
00000000
00000111
00000000
00000000
00000000
00000000
11110000
00000000
00000000
00000000
00000000
00000000
00000000
00000000
00000000
00000000
00000000
00010010
00000000
00000101
11111010
00000000
00000000
00000111
00000000
00000000
00000000
00000000
00000000
00000000
00000000
00000000
00000000
00000000
00000000
00001000
11110101
00000000
00000000
00000000
00000000
00000000
00000000
00000000
00000000
00000000
00000000
00000000
00000000
00000000
00000000