00000000
00010001
11110010
00011001
11110001
00000000
00000000
11101111
00000000
00000000
00010001
00000000
00000000
00000000
11111001
00000000
00000000
11110111
00100001
11111101
00000000
11101100
00000000
11100110
00000010
00000011
00000000
00000001
00000000
00000000
00000000
00010011
00001110
00000000
11111001
00010101
00000000
00000000
00000000
00000000
00000000
00000000
00000010
00000010
11111111
00000000
11101100
00000000
00011000
00000000
00000000
11011101
00000000
11110111
00001111
00001100
00000000
00000000
00000000
00001011
11100001
11111111
00000000
00000110
00000000
11110100
00000111
11101011
00000000
00010001
00000000
00000000
00000000
00001100
00000000
00000000
00001011
00000000
00000000
00001101
00010000
00001100
00000000
00000000
00000100
00000000
00000000
00000000
00000000
00000000
11110011
00000000
00000000
00000000
00000000
00000000
11110000
00000011
11110110
11110000
11100101
00000000
00000000
00000000
00000000
11101100
00000000
00000000
11110011
00000000
00000000
00000000
11111001
00000011
00000111
00010000
11111011
11100111
11110100
00000000
11101101
00000000
11110101
11111011
11111011
00000000
11110101
00000000
00000000
00000000
00000000
00001100
00000000
00000000
00000000
00000000
00001000
11110000
00011001
11101000
00000000
00000000
11111000
11111110
00001000
00100010
00000000
11110000
00000000
00000000
00000000
00001110
00000001
00000000
00000000
11111001
00000000
00000000
00010000
00000010
11111011
00010000
11111001
00001110
00000000
00000000
00000000
11111110
00000000
00000000
00000000
00000000
00000011
00000000
00000000
00000001
00000000
00000011
00000111
00000000
00011010
00000000
00000000
00000000
00011110
00010011
00000101
00000000
00000000
11111000
00000000
00010010
11101101
00000000
00010000
11111111
00011001
00000000
00010001
00000000
11111001
00000000
00100011
11111101
00000000
00000000
00000000
11111000
00000000
00000000
00000000
11100010
00000000
00000001
11110101
00000000
00000000
11110100
00000111
00010110
11110111
00000000
00001001
00000000
11111110
00000000
00001011
11111000
11111001
00000000
00011010
11110100
11110110
00000000
00000000
11110010
00000000
11111110
00000000
00001011
00000000
00011001
00000000
00000101
00000000
00000000
11111111
00000000
00000000
00000000
00000000
00000110
00001111
00001000
11110111
11110101
11100111
00000000
00001011
00001011
00000000
11111000
11111001
00000000
11110010
11100011
00000110
11110011
00001010
00000000
00000000
11101000
00000000
00000011
00000000
00000000
00011001
11111000
00000110
00000000
11111110
00000000
00001110
00010001
00000000
00000010
00000000
00000000
00000000
00000000
00000000
00000000
00000000
00010100
00000000
00000010
11111100
00000000
11111011
00000000
00010100
00000011
00011000
00000000
00000000
00000000
11110000
11110010
00000000
00000000
00000100
11101011
00000000
11111100
11100111
00000000
11111010
00000000
00100001
00010100
00000000
00000111
11111110
11110001
00000010
00000000
00000000
00000000
00000000
00000000
00000011
00000000
00000000
11111101
00001010
00000110
00000000
00000000
00000100
11100101
00000000
00000000
00001110
00001101
00000000
00001000
00000000
00000000
11111001
00001011
00000000
00000000
00000000
11101010
11111100
00000000
00000000
00000000
00000000
11110110
11101111
00000000
11111010
11110000
00000000
00000000
00010111
00000000
00011010
00000000
00000111
00000000
00000000
11111010
00100001
00000111
00000000
00000000
00000000
11110110
11111010
00000000
00011011
00000000
00001000
11100101
11101111
11111110
00000000
00000000
11101010
00000101
00000000
00000000
00010101
00000000
00010000
00000000
00000000
11111110
00000110
00000000
00000000
11100000
00000011
00000000
00011110
00000000
11111100
00000000
11100110
00000000
00000000
11010011
00000000
11110011
00000000
00000000
11101101
11111110
00000000
11110001
11111100
00000000
11100101
11111010
11110000
00000000
00000000
00000000
00001001
00000000
00000000
00000000
00000000
00000000
00000000
00000000
11101100
00010001
00000000
00010010
00011001
00000000
00100000
00000000
00000110
11101000
11101101
11101111
00000000
00000000
11111001
11110110
00000011
00000000
00000000
11111100
00010010
00000000
00000110
00000000
00000000
00000000
00000000
00000000
00000110
00000000
00000000
00001100
11110000
00000011
00000000
00000000
00000100
00000000
00000101
00000000
00000000
00000000
00000010
11100111
00000101
00000000
00011001
00000000
11110111
00100110
11110001
00000000
00000000
11110100
00000000
00000000
00000000
00000000
11111011
00000000
11111110
00000000
00000000
11110011
00000000
00000000
00000000
11110111
00000000
00000000
11110000
11110100
00001001
11110011
00000000
00000000
00000000
00000000
00000000
00000100
00000000
00000110
00000000
11110001
00000000
00000101
11110111
00000000
00000000
11111100
11111011
00000000
00000000
11111100
11110011
00001111
00000000
11111000
11111101
00000110
00000000
00010010
00000000
00000000
11100111
00000000
00000000
00000000
00000000
00000000
00000000
00000011
11111011
11110000
00000111
11110100
00000000
11111011
11111110
00001100
00000000
00000000
00010100
11111100
11110011
00011111
11101111
00000000
00000000
11101011
00000000
11100101
00000000
00000000
00000010
00000000
00000000
00000000
00000000
00000000
11110100
00000000
00001110
11101110
00000000
00000000
11100111
00000100
00000101
11110110
00000000
11100100
11110000
00000000
00000000
00000110
00000000
00001001
00001100
00000000
00000000
00010101
00000000
11101110
00000000
00000000
00000000
00000000
00000000
11111110
00001111
00000001
00000000
00000000
00000000
00000000
00000000
00000000
11111110
00000000
00010011
00000000
00011001
00000111
00000000
00000000
00000000
11101101
00000011
00000000
00010001
11110011
11101001
11111110
11100010
00000000
11111100
11100100
11101110
11110110
00000000
00000100
00000000
00000000
00011001
11111101
00000000
11011110
00000010
00001011
00001110
00000000
00000000
00001000
00000000
11111011
00000000
00000000
00000000
11111101
00000000
11111101
11111011
00000100
00000101
00001111
11110001
11111011
00000000
00000000
11110001
00000000
00011001
00010010
00000000
00000000
00000010
00011100
00000000
11100000
00000111
00011010
00000000
00011010
00000000
11111010
00000000
00000000
00000000
00000000
00000000
00010111
00000000
11111111
00000000
00000000
00001010
00000000
00000000
11111101
00000000
00001001
11110010
00000000
00000000
00000000
00010011
11110000
00000001
00000110
00000000
00011100
11110111
11110011
00010011
00001000
11110110
00000000
00000000
11100110
11111011
11110101
00000000
00000101
00000000
11111011
11111111
00000000
00001010
00000000
00000000
11110000
00001111
00000000
00011010
00000000
00000000
00000000
00000000
11110111
11101011
00000101
00000000
00000000
00000000
11110010
00000000
00000000
11101111
00000000
11111111
00101001
00000000
00000000
00001011
00000000
00000000
00000101
00000000
00000000
11111100
00000000
00000000
00010000
00001011
00000000
00000000
00000000
00000000
00000000
00000000
00000000
11111100
00000000
00000000
11101111
11100001
00000000
00000000
11111010
00000000
00000000
11110101
00000000
00001001
00000000
00000000
11110111
00011010
11111010
00000001
00000000
00000000
00000000
11110100
00000000
00000000
00000000
00000000
00000000
00011010
00000000
11111000
00000000
11110000
00010001
11111100
00000000
11101100
00000000
11111101
00000000
00000000
00000000
00000000
00001101
00000000
11111001
11111100
11101011
00010010
00000000
00001101
11111001
00000000
11111111
00000000
00001111
11111010
00000101
00000000
00000000
11101100
11111110
11111000
00001110
11111111
00000000
00000000
00000000
11111000
00011101
00010011
00000100
11110111
00000000
00011110
00011001
00000000
00010100
11110110
00000000
00001000
00000000
00000000
00000000
00001001
11110100
00000000
11101101
00000000
00000000
11101110
00000000
11110000
00000000
11110010
00000000
00010011
11110000
11111110
00000010
11111000
00000000
00000000
11111011
00000000
00000000
00010100
11101011
00000000
00000000
00000000
00000000
00010000
11011111
00001000
11110111
00000000
00000000
00001011
11111010
00000010
11111111
00000010
00000000
00000000
00000000
00000000
00000100
00000000
00000000
00000000
00000000
00000000
11111110
00000000
11101111
00000000
00001101
00000000
00000000
00000001
00000000
00001000
00000000
00000000
00000001
11110110
00010111
11111100
00000101
00000000
00000000
11111011
00001001
00000000
00001100
11100000
00000010
00000110
00001011
00000000
00000000
00000000
00011001
11101111
00000000
00000000
00000000
00010110
00011010
11111100
00000000
00000000
00000000
00000000
11110100
00011000
11101110
00000000
00000000
00000000
00000101
11110100
11111000
00010101
00000000
00000000
00000000
11111011
00000000
00000000
00000001
00000000
11111100
00000000
00000000
00001000
00000000
00000000
00000000
11111100
00000000
11110011
00000000
00000101
00000000
00000000
00000110
00000010
00000000
11111011
11101011
11110000
11110100
00000000
00000000
00010100
11111000
11111010
00000000
00000000
00000000
11110000
00000000
00001010
00000000
00000000
00000000
11101000
11111111
00010101
00000000
00000101
00100000
00000000
11100000
00000000
00001000
00000000
11111101
11111011
00000000
00010011
00001001
11111101
00000000
00001101
00000110
00000111
00011101
11110100
00000000
00010100
00000000
11101110
00000000
00000000
00000000
00010110
11101111
00000000
00000000
00000000
00000000
00000000
00001100
00000000
00000000
00000000
00000000
00000000
00000000
00001100
00000101
00000000
00000000
00100111
00000000
00000001
00001011
11111101
11110100
00000000
11111100
00000001
00011100
11110001
00000000
11110110
00000000
00000000
00000000
11100000
00001000
00000000
00010000
00001011
00000000
11111101
11100000
00000000
11110100
00001011
11110101
00000101
00000000
11111000
11110011
00000000
00000000
00000000
00000000
00000110
00010011
00001110
00000101
11101100
00000000
00000000
00000000
00011001
00000000
00000000
11111000
00000000
00000101
00001001
00000000
00000000
00000000
00000111
00000000
00010101
00010000
11101111
00000000
00000000
00000000
00001100
11110100
00000000
11100011
11111000
00000000
00000000
00001001
00000000
00000000
00000000
11111101
00000000
11011000
00001111
11110000
00000011
11111110
00000000
00000000
00000110
11111100
11101001
00011000
00000000
00011110
00000000
11110111
11111010
00000000
00001111
00000000
00000000
00000000
11111010
00011011
00000000
00010110
00011000
00000000
00000000
00000000
11101100
11101101
11101011
00000111
00001100
00000000
00000000
00000000
00000100
11111110
00000000
00000000
11111001
00000000
00000000
11110010
00000000
00000000
00000000
11111101
00000000
00000000
11101101
00000000
00000000
11111000
00000000
00000110
11110011
00000101
00001011
11111001
00000000
00000000
11110100
00000000
00000000
00000000
00000011
11011001
00001110
00000000
11111101
00000000
00000001
11111101
11110111
00000000
00000000
11110111
11101011
11110000
00000000
00000000
00000011
00011111
11100010
11110110
00000101
11110110
00000000
00000000
00010001
00011010
00000000
00011010
00000000
11101101
00000000
00000000
00000000
11111010
00000000
00000111
00000000
11111110
11111100
00000000
11111110
00000000
00000000
00000000
00000011
11110001
00010000
00000101
00001001
00001000
00000000
00000000
00000000
00000000
00001010
00000001
11100101
00000000
00000000
00011001
00000000
00000000
00001100
11111010
11110101
00000000
00000000
11111001
11110100
11010101
00001010
00011110
11110001
00000000
00010011
00010101
11110101
00000000
11111011
00000000
00000000
00000000
00000000
00000000
11110010
00000000
00000000
00001110
00001010
00001110
00100001
00000000
00001000
11111101
00000111
00001001
00000000
11110110
00000000
11111000
11100110
00000000
00001111
11111011
00001011
11110100
00100000
00000000