1111110011001101
1111110011110100
1111111100010011
1111110010111110
0000001010011111
1111110000101011
1111111100101100
0000001100011100
1111110111001011
1111110010001010
0000000111001110
0000000000001000
0000000001100110
0000000000011000
0000000000110000
0000000010110110
1111111111111100
1111111111110011
1111110111010011
1111100110011111
1111111010110010
0000000100111101
0000000101001010
0000101101111100
0000001110111101
1111111101001111
1111111000111111
1111111100010010
0000001101010000
1111110001111001
0000001000100010
0000001110101111
0000000010000111
0000000111110101
1111111011011100
0000001010001011
1111111100001101
1111110011001000
0000010100101111
0000001010110010
0000000101101001
0000001101010110
0000010100010000
1111111011110011
1111111110000110
0000000100000010
1111110010101010
0000001111010101
0000000101010010
1111101101001110
0000000101001001
1111111110000100
0000001001001001
0000001111111010
0000010010010111
0000011110100000
0000000001111010
1111110000011001
1111111011000101
0000000001000100
1111111001001110
1111111110100010
1111111111011011
0000000101101011
1111111010101010
1111110101111101
1111111001000001
1111111001010111
1111110100110011
0000000100101001
0000001110001011
0000000111110000
0000000110000111
1111110010101110
1111110110101011
1111111010001000
1111110110010101
1111111110101111
0000000010100101
1111111100101100
1111101110000100
1111111010101010
0000000000101001
1111111111100011
0000001000110100
0000001000100101
1111111010000100
1111111101110000
1111101011110100
1111111010000000
1111101101001100
0000000001010001
1111100101000010
1111110101110001
1111111101111100
0000001101100100
1111110101110110
1111111001100000
1111111100001111
0000001011000100
0000000000000001
0000001010101010
0000000001000001
1111111110101000
1111111110111101
0000000000010101
1111110101111010
0000000011100000
0000000100011001
1111111011011110
1111101101000100
1111110011001101
0000000001111010
0000001011000110
1111110101110110
1111110101001100
1111111100101101
1111110111011110
0000000110110010
0000000011010011
0000000100000011
0000001010110001
0000001001011000
0000010000011001
1111101111010110
0000000110111000
0000001110010100
0000001110111101
0000000010010001
0000000110010001
1111111101101010
0000000010010111
0000000001001000
0000001010101010
1111111111101011
1111110111110011
1111111100011000
0000000010011010
1111111100011101
0000001011000100
0000001110001101
1111111110111000
0000000110011111
0000001010011011
0000010001101101
0000001101110010
1111110100101101
1111110100111101
0000000000001100
1111111010000011
1111111110100100
1111101101101000
1111111110110100
0000010010011100
0000010100101101
0000001010000101
1111110000100010
0000011101100010
0000000011101001
1111110111001100
0000000001010001
1111110100000111
1111110110001010
0000000111110110
1111111101111101
0000000000100011
1111111000010011
0000000001001000
1111111000001110
0000000100101010
0000001100001010
0000010010101001
1111111110100100
1111111011110110
1111110110111111
0000001101001110
0000000100000101
0000000101101011
1111101100000000
1111110010100111
0000000110101011
0000001001010000
1111110010010001
1111100111001010
0000000010100011
0000100010101010
0000000111111110
1111100000111011
0000000100100010
0000010111110001
0000000100001001
1111101000100100
0000000000110111
0000000100110001
0000001010101010
0000001011000010
0000001001001100
0000000010101110
0000000000110101
0000000110000000
1111111110010100
0000000100111110
0000000100000000
1111110100101001
1111100101000000
1111110110000100
1111111000000011
1111111011100000
0000011010000011
1111111100011110
1111110001001000
0000001100001000
0000000111101001
1111110000100011
1111110010001110
0000000010101000
0000001111000101
0000010000111010
1111111011000111
1111010011110000
0000001111000001
0000101011100111
1111101100011011
1111110000001111
0000001000000101
1111110010110011
0000001000010110
1111111010101101
1111111010110010
1111111101011101
1111111101010110
1111111010101101
0000000010111010
0000000011110110
0000000101110000
1111101111101110
1111111011101110
0000000111000111
0000011111110001
0000000100100111
0000000101111000
1111110100111011
0000001011111000
0000000110110010
1111111111101101
1111111010100001
1111111111100011
1111111110000110
1111111101101101
1111101110111010
1111100010101101
1111110010001000
0000010110010110
0000000001101010
1111011010011011
1111101011000010
0000000100101101
0000001001011011
1111111100000101
1111111111000101
1111111011111001
0000000001001101
0000001010101111
1111111100001010
0000000011100011
1111111100110000
0000001010010001
0000000110101010
0000010010010011
1111111111010101
0000001011000001
1111101110101001
1111111100100011
1111110111011111
1111110011010110
1111110100011111
1111110001010111
1111111011001111
1111101110011000
0000010111000100
0000000001001001
1111111101100111
0000001110100010
0000000100100011
0000100100000000
1111101000100101
1111101011100011
0000011110011011
0000010110011110
1111111100101011
0000001011101111
1111111111001111
0000001101011011
0000000111010101
1111111101111010
1111100001010111
1111111111110100
1111110001000011
1111110111110010
1111111001101000
0000000010101000
0000000011101010
0000001011010110
0000000011101000
0000010001111100
0000001011000010
0000001101111011
1111110001100111
0000001110100110
0000010000010011
0000001001111100
0000001010111010
0000000010111100
1111110001111010
1111101101000000
0000000111000111
1111110001110100
0000001010111100
0000010001010001
0000001101110010
1111110001001100
1111111011000001
1111110100101000
1111110100011110
0000000001011110
1111111110101111
1111110100111101
1111100110001000
0000000111001011
0000000001100111
0000001100010010
0000000000100100
0000001111110111
1111111011011100
0000001010110000
1111110001010100
1111111101000101
1111101111010000
0000000010110111
1111101010101011
0000000111111001
0000000000100000
0000001001101100
1111110111010101
0000001110111110
1111110111110101
1111110011010011
1111110111110010
0000001100011000
1111100111010111
1111111110100010
0000000010110010
0000000000101100
0000000100101111
0000001001001011
0000001010101101
0000011011110100
0000001011110100
1111111101111001
0000000111100100
0000010110011001
0000001001010000
0000000110010100
0000001101000011
1111110111011101
1111110110101010
1111101010001111
0000000110111101
1111111000000010
1111110000011010
1111101001101101
0000000000110101
0000001010101111
0000000011010000
0000000110100010
0000010101010100
1111111111000011
1111110011001001
1111101110010011
0000010000101111
1111111001100101
1111110111011011
1111101101101110
1111111110100110
0000011010001000
0000001111011010
0000000111111100
0000011100110111
0000000111101010
1111111001011010
1111101110111010
1111110101011111
1111110001001000
1111101010101101
0000001010001010
1111110011000111
1111111001000100
1111111011001100
0000000100010101
0000100100010000
0000011101011110
1111111010110111
0000001001010001
0000010111011110
0000001010011000
0000000110001011
0000010000101001
1111110101010001
1111100101000010
1111110010101001
0000000001000001
0000000100110110
0000000010011011
0000001100000010
1111111010101100
1111111101110111
1111111011000101
1111110111011011
1111110110110110
1111111010010101
1111111001001011
1111110010010111
1111101111011011
1111110100010011
1111110100110101
0000000100101011
0000000111011010
0000000000000010
1111110101100011
0000000001010110
0000010001110010
0000001000010001
1111110010001110
1111110110110010
1111111000111000
1111110111101011
1111111111100100
1111110111001010
1111111001010111
1111110010100101
1111110000111010
0000000010010001
0000010000100111
0000010111110111
0000000001100000
1111101010101101
1111101010011111
0000001010110010
0000000100000011
1111110011100110
1111110111001011
0000010101111100
1111110011001100
0000000101010001
1111111110001011
1111111100111110
0000000010000101
0000011100010101
0000011100110100
0000000111000111
1111111011000011
1111111100111101
0000000011100111
0000000000011011
1111110100011100
0000000110010110
1111111011101011
0000001001000111
1111110110101110
0000000111001000
1111111111011111
0000001001100000
1111111110111110
0000001000000101
0000000000100100
1111111101001001
1111100111011010
1111110111110110
0000000110111001
0000000000011001
0000000000000011
0000001110111101
0000011011101001
0000010110100011
0000000100101000
1111111010100110
0000000100000011
0000000101101011
0000001110011000
0000000011111110
1111111000110000
1111100011000100
1111100000010100
1111111100010110
0000000011011111
1111111110110100
0000001000001010
0000001001000111
0000000011111111
1111110100100011
0000000110111010
0000000100111110
0000001101001001
1111110000100011
0000000010001111
1111111000001111
0000000111000101
1111111101010000
1111111001001000
0000001001110011
0000010001100101
0000000111100101
0000000011101011
0000000001111000
0000001100110110
0000001000101100
1111101001010010
1111010110001000
1111110110000011
0000000101101011
1111110011011110
1111110101110111
1111111000110111
1111101111100010
1111111111111001
0000000011000010
0000011000100011
0000000010110011
0000000100100101
1111111000100110
0000000001011000
1111111110010100
0000001101011110
0000000111000011
1111111110111000
1111111000001010
1111111000101000
0000000001011001
1111111110010110
1111111111011111
1111111111001000
1111111010000111
0000000100000110
1111110100110101
1111111110111111
1111111101000111
0000001101101101
1111100001110110
1111101011100110
0000000111111110
0000010001111011
0000010011110111
0000000110010011
0000010010110000
0000000100001000
0000000100011011
1111111100001101
0000010110110010
1111111010110110
1111111111000011
1111111011011101
0000000101011001
0000001111100101
0000000101101010
1111111101010110
1111111111010011
0000000000111001
1111110100011011
0000001100000010
0000000000110001
0000000100111101
1111110011110000
0000001100101111
0000000101100011
1111111010000101
0000001011101111
0000000011011010
0000010001101010
0000000001111000
1111111101100110
0000001100001010
0000010101110110
1111111111010010
0000001011000111
0000000111001010
1111111100000100
1111100111000000
1111101100011011
0000000100100010
1111110101110101
1111111001000111
0000000001101000
0000000110000000
0000000001000011
1111111100110010
1111100101001010
1111101110111100
1111111111110010
1111111110100010
0000000101000010
0000000101100000
1111101001001001
1111111110101111
0000000100110001
0000000011000011
1111111001100110
0000000000010110
0000001010100011
1111111011001101
1111111100010001
1111111111111011
1111110100010111
1111101011101010
1111101111111001
0000000101011000
1111110101100010
0000000101100011
1111110101100010
1111110111111101
0000000010001000
0000001111001011
0000000001111010
0000001000000010
1111111110101001
0000001110101001
0000000001111100
1111111101010011
0000001001111000
0000000101111010
0000000101000101
0000001011001000
1111111001001001
1111111001010111
1111101111010110
0000010000000111
0000001101111110
0000001101011111
1111111000101001
1111111110110101
1111110111001100
1111111111001000
0000001001001110
0000000111001111
1111111010000111
1111111111101110
0000001111001101
0000000101000110
0000001001010011
1111111100110010
0000000000001001
1111111110111001
0000000110000110
0000000000101000
1111100110010110
0000000001101000
1111110101011011
1111111110010000
1111111110010101
0000001101001010
0000000010000111
0000010100010111
1111111111101000
1111110110110001
1111111110110011
0000000110010111
0000000010001011
0000010001110010
0000000111011000
1111111011101000
1111110001101110
1111111011110001
0000001110001101
0000000111000011
1111111101001101
1111100000001101
1111101111101111
1111110101101000
1111110111001011
0000010000110110
1111111011101010
0000000111101111
1111111110001101
0000011000111101
1111110110001000
1111110000100001
1111110101111110
0000010111100100
1111111001011001
0000001101111001
0000000100001010
0000000101100101
1111111011000010
0000010001001010
1111100011101111
0000001111000000
1111111000111111
1111110111111000
1111110000101111
0000000001001011
1111110101010100
1111111100010000
1111110101000001
0000000011110111
1111110011011011
1111111111101001
1111101111111001
1111111011011100
1111110010101110
0000000100010110
0000010011011111
0000000001110011
0000000100101101
0000001011011001
1111111110111111
1111111011111110
1111011110100100
0000001000001101
0000001100001011
0000001101111111
0000000011010101
0000000010010111
1111101110111010
0000000110111100
1111101101110001
0000001011010000
1111111100001100
0000001110001010
1111111000011111
0000000100000010
0000001000110000
0000000001101111
0000000001001110
0000000111011111
1111111100110011
0000000101001000
1111111000000111
1111110100011100
1111111100110100
1111111011101011
0000001001011011
0000010011001001
0000000100111101
1111111111011010
0000010110010011
0000001001101000
1111101010110111
1111110101000101
1111111000011001
0000001101111011
0000000011001010
0000001001100001
1111110000001100
1111110100110001
1111110010110111
1111111111011000
1111111001111101
0000001001010100
1111111000111010
0000010101110000
1111110100001100
1111111000110000
1111111001010101
0000000111000011
1111111111000001
1111110011110110
0000000011111010
1111111011101000
1111111001001001
1111110001011010
1111110000000110
1111111001000010
1111111100100110
1111111001110000
1111110100101010
1111111011001011
0000000001101111
1111001110111000
1111011110010111
0000000110000111
0000001001110111
0000000001101110
0000100100011000
1111110101101011
0000000111111110
1111111111000001
0000000111101010
0000010000100110
0000001101100101
0000000100100101
1111111010010110
0000001001000010
1111101110101110
0000000001010000
0000000010000111
0000000101101101
1111111010010100
1111111110110011
0000010000010100
0000100100000100
1111111011000111
1111111110001110
0000000110000101
1111111001011001
1111111101100001
0000001001110100
1111110010001100
0000000100100100
1111110110010101
1111101100100010
0000001010000101
1111111100001101
0000001001000111
0000000111100011
1111110100101111
1111110111111011
1111111010110010
1111111010010011
0000000110010010
1111101011110100
0000000001001101
0000000111010000
0000010000110010
1111111101000100
0000001001000111
0000010010101111
0000000010010100
1111111110100100
1111111101100110
1111111001111101
0000010001010010
1111101101101110
1111100001001011
0000000011001111
1111111100010100
1111111101010011
0000000100000010
1111111000101111
0000001100001111
1111111110000100
0000010001001110
0000011111101111
0000100000010001
0000010010000111
0000000011010100
1111111000100101
0000001111100111
1111110101101110
0000001011010101
1111111000111110
0000000111010110
1111111001000101
1111111000010010
1111110100111011
0000000101000100
1111111110011000
0000000101000010
1111111011100111
1111111010100011
1111111101010111
1111111001101000
1111111101011010
0000001101110011
1111110011110100
1111100101010100
1111110110110010
1111111100110001
1111101010000111
1111110101010111
0000001110000001
0000000110111011
0000000010001110
1111101100111110
1111110100101010
0000000100110010
1111001101101001
0000000110100101
1111110001010101
1111111010101010
1111111010100110
1111111011111001
1111111010111000
0000000011000100
1111111101011010
0000001011000000
0000000011000000
0000010100000011
0000000000011101
1111110100101010
1111101010110001
1111110111110010
1111111101100100
0000000110010011
0000001111101110
0000010011110101
0000001011001110
0000000111111100
0000000101000001
1111111010001111
0000001100010101
0000001010001110
0000011000000011
0000010101011101
1111101111010011
1111110100010011
1111111111010011
1111100000010000
1111111111101000
0000000000110011
1111111011101101
1111101100011111
0000001000111100
0000001101001101
1111111000111100
0000010111010100
1111111111111101
0000000010011000
0000010110000010
0000000000111100
1111111000100000
1111111101000010
1111110111100101
0000000010100101
1111111011101001
1111111111110110
1111111110001010
1111110011011111
1111101010011100
1111110011110001
1111011101101011
0000001111100111
0000000100101011
0000000110000011
0000001001010000
1111111111001111
1111110110011010
0000000010010011
0000000100001111
0000011010010000
0000100001010111
0000011100101001
0000000000001000
0000001110011111
1111111101111000
1111110101101101
0000000010000011
0000000000001010
0000000111111110
1111111010101111
1111110111100011
1111110000010101
0000001011010100
1111111011010110
0000001010001111
0000000101000001
1111111101101111
0000000111100101
0000001100111010
0000000000001100
0000001000000100
0000000101000000
1111110110011111
0000000011010100
0000001001100110
1111101100010001
1111111011100000
1111111011001011
1111110110011101
0000001100101110
1111111111010110
0000001010001111
1111110000100111
1111101101100001
1111110100000010
1111100110010100
1111101101101011
1111111001111011
1111111001000111
0000000110010000
1111111110101010
1111101011100110
1111111110001111
1111111100000001
1111111101010110
0000000011101011
0000001100010010
0000000001010111
1111111010010101
1111111110001100
0000000011010101
1111111001011000
0000000000110000
1111111100011011
0000000000000010
0000000010000111
1111111000101100
1111111010111001
0000000001000111
0000000011100111
0000001010010110
1111110111100010
0000000011000001
1111100110100000
1111110010110100
1111111101001111
0000000010101100
0000001110001101
1111110010011010
0000000010111101
0000001101000111
1111111110101111
1111110011100011
1111111110111100
0000000100001101
1111111111111101
0000010011110111
0000001100100000
0000000001011110
1111100101011000
1111111100011011
1111111101000100
1111111001000011
0000000000100101
1111111101100101
1111111100010000