0000000010100001
0000001011001101
0000001001000110
0000001011001010
0000010110101101
1111111000001101
0000001000100000
0000000011111100
1111110100011100
0000000110000010
1111111001011010
0000000000010110
0000000011101111
1111111101101111
1111111011010000
1111111100100000
0000000010000000
0000000000000000
0000000010001111
1111111110001011
1111111100111110
0000000011110110
1111111010010011
0000000011101010
1111111111110000
1111111110100000
0000000100111100
0000011000000100
0000000100110100
0000001111001110
1111111011110000
1111111001110100
0000000010101110
0000000010011110
1111111001000011
1111110110100000
0000010101101101
1111111110000001
0000000011100010
0000001110011011
0000001100111101
1111110011001101
1111111001101001
0000000100100100
1111111011111001
1111111111001111
1111111110001001
1111111111111110
0000000000100001
1111111110100111
0000000001101011
1111111100101000
0000000001110001
0000000010010110
1111111110001100
0000000000010101
1111111011000100
0000000100110110
1111101110001010
0000001010000000
1111111100101100
1111110001101110
1111111110001100
0000001011000110
1111110100000100
0000000100100100
1111101010010001
0000000111110000
0000001100101000
0000001111010000
0000000010111011
0000000111100001
1111111010001111
1111110101111111
0000000010010100
0000000011000010
0000000010010110
0000000101011110
0000000010111011
0000000011001111
0000001001111000
1111110101100111
0000000011000110
1111111010000000
1111111110111111
1111111010111001
1111110111111110
0000001000011000
1111111011011000
0000010000001000
1111110000000100
0000000010100100
1111101100100000
1111100111100010
0000000101100001
1111111000000010
0000000110000100
0000001110010010
1111110101010101
1111111010100011
1111110100100100
1111110110011110
1111110111010111
1111111011101000
0000001010100001
0000001001011101
0000000000100001
0000000100010010
1111111110101010
0000001101111111
1111111000110010
0000001001010011
1111111101001010
1111110110100011
1111111111111001
1111111011111000
0000000101000010
1111111000111011
0000000000110111
0000000110001001
1111111111111000
1111111011001000
1111101001101101
1111110111010011
0000011100000110
0000000000111000
0000000011000101
1111101101110010
1111111111010001
1111111110001010
0000001000111100
1111111000101110
0000000001010010
1111111100111101
1111111001001101
1111111100001011
0000000000000010
1111110011011100
1111111111011101
1111111101110100
1111111110010101
1111110110010100
1111111111111000
0000000101010101
1111111010010111
0000010010110010
1111111111001110
0000000110101110
0000000110101000
0000000001101100
1111111010111110
1111111011001110
1111111010101000
0000000010000000
1111110111100111
1111111110101010
0000001010001001
1111110011111101
1111111011100100
0000000101100110
0000000010100100
1111111011000111
0000000011010011
1111111100010011
0000000010010010
1111110010110101
0000010100100010
1111110011110100
1111111100111011
1111110110010101
0000000100101000
1111111010101010
0000000000110010
1111110100010001
1111111111010101
1111101001100001
0000000000010100
1111111000011101
1111111110100100
1111111110011011
0000000101000011
0000000101100111
0000000001111110
0000000101110001
0000000110110010
1111111011110010
0000000110000101
1111111100111110
1111110101011001
1111110111111100
0000001010110010
0000000101110100
1111111100111010
0000001100101000
0000000010111111
1111111010010111
0000000110111100
1111110111110111
0000000010110000
0000000101000000
0000000100000001
1111111010101000
1111111110011010
1111111010010110
1111111101101101
1111111011010000
0000001101010010
1111101111010001
1111111010011101
1111110101011011
1111111101011110
0000000011000111
1111111010111001
0000000100010100
0000000001101100
0000000000011010
0000000110001101
0000000011110010
0000001010101010
1111111000011000
0000001000100110
0000001001011111
0000001000100100
1111111101000011
0000001010101000
1111110100101011
0000001001010010
0000001001101001
1111111111001111
0000000010100101
1111111010010110
0000000100111000
1111111100111100
1111111010010011
0000000100001000
0000001011101010
1111101111000011
1111110001110110
0000001010010010
1111111100111000
1111111111110111
0000010001100110
1111111011111101
1111111001000011
0000000011110101
0000000000000000
0000000010001110
1111111110110110
0000001000011111
1111110100111011
0000000010001000
1111111100111100
0000001010011000
0000001101100000
1111110100111110
1111111111111101
0000000001010100
0000000110101000
0000000011001010
0000000110101000
0000000100000111
1111111111101100
1111111111010111
1111111001000101
1111111110011010
0000001000111000
1111111001110001
0000000100011011
1111110111101011
0000001100000001
0000001010001100
0000001001100011
1111101101111110
0000000101101000
0000000110101001
1111110110111111
0000000111000001
0000000000001000
1111111101011011
0000000000111000
0000000010001000
0000001000000010
0000000110010111
1111111001000111
0000001000100101
0000000001101001
1111110110100111
0000000010011010
1111110001101010
1111110111010111
1111111001011111
1111110111011001
0000000111110101
1111110011101001
0000000100100011
1111101111010001
0000000101010011
1111111100101101
1111111100011001
0000010010000100
0000000111111101
1111101110000101
0000000101011111
0000001011111000
1111110111100010
0000000110011101
0000000010110001
1111110011001011
1111111101100000
0000000000100010
0000000000010111
1111111111111001
1111110111001100
0000000101111111
1111110011100101
0000000001011000
0000000100011010
0000000111000100
0000000010001101
1111111111010110
1111111111100010
0000000100110101
0000001000000101
1111111111110100
0000000011110111
1111111111110110
0000001001100100
1111101110010100
0000000001101100
1111101001000010
1111111011101111
0000001011010000
0000001000011001
1111111101000111
1111111111000101
0000000111011010
0000000010111101
0000001110011100
0000001111101101
0000001000110011
0000000011101110
0000000011011010
0000000010011000
1111111100100011
0000000001010101
0000000100111010
1111111010010001
1111110011000001
1111110010101010
0000001001000010
1111110010000000
1111111111000000
0000001110101001
0000000100110011
0000000001010011
0000000000001010
1111111101110110
1111111110011011
1111111111000000
0000001010010001
0000001000000000
0000001010001101
1111111100101100
1111101011100000
0000000100011110
0000000001010100
0000000101000111
1111110111011011
1111110011000100
1111101111011111
0000000001000100
1111111001101101
1111111111001111
0000001011111111
1111111010100001
1111111010011111
0000000001010001
1111111011011110
0000000000011011
0000000010101001
0000000001010001
0000000111110100
1111111000000001
1111111110100010
0000000011001011
0000000111011010
0000000010111001
0000000101110110
0000000111001010
1111111111101000
1111110001101010
0000000100110101
0000000000100010
0000000100011001
0000010010000001
0000001001111101
1111110101110111
0000000100011111
1111110110100111
1111110001000111
0000000111010100
1111110110001110
0000000110001000
1111110000001001
0000000000001010
0000000100011010
0000000000110101
0000000111011000
0000000000011010
1111111100101110
0000000111000110
1111111111010101
1111111011101101
1111111010100001
1111111001010000
0000000010010101
0000000011100011
1111111011010001
0000000001000010
1111111110101100
0000001110000100
0000000110111010
0000000110101100
0000000110101000
0000001001110011
1111111110011100
0000001001001101
1111111000100010
1111110111001101
0000000101110110
0000000111011111
1111111011100101
0000000100001101
0000000001111010
0000000011010000
1111111001001111
1111111100110100
1111111011101000
1111111110000011
1111110110000101
0000000110000100
0000000010111111
0000000011111110
0000000011001100
0000000010100111
0000000101001100
1111111110010011
1111110100011000
0000001011000101
1111110111001101
1111111010101010
1111111101010001
0000001000001001
1111110000001001
0000000010110111
1111111101001100
0000000111100010
0000000001011100
1111110110001011
1111111111001100
1111111101001001
0000000100000011
1111111010100111
0000000100011001
0000001010011101
1111111010111001
1111111111000100
1111111111100110
0000000000010001
0000000101011000
1111111000110000
1111111001101100
0000000100101011
0000000001011000
1111111011011101
0000000100101100
0000000010111010
1111111111000010
0000001100010100
1111110110000111
1111111111000111
1111110011000110
0000001000100010
1111111100111100
1111111111110010
1111111110100001
0000001010010001
1111111010000101
0000000001101000
1111111100001111
1111101111010111
0000000000010101
1111111010011011
0000001001000100
1111101011101001
0000001001110110
0000000110100000
1111110011101110
1111111001001011
0000001000001100
0000000001111010
0000000100011000
1111111011111101
1111111000000111
1111111001100000
0000000000000001
1111111111111011
1111111111001010
0000000010100101
1111111111001010
0000000111100110
0000000001001101
0000000101100101
0000001000010110
0000000001101100
0000000101100000
1111111001011011
0000000010111111
1111111110100001
1111111001111001
1111111011110001
0000010111010010
0000000111111100
1111110111001110
1111110110001010
0000000100011110
1111101000100110
0000000010111011
0000010011011011
0000000011010100
1111111111111110
0000000001101110
1111111111110110
0000000001110000
0000000101101011
1111111111001011
0000000111111001
1111111000011000
1111111111001110
0000000100101110
1111111101101101
0000000010100000
0000000011101000
0000000101110011
1111111011001111
1111110000111100
0000000101010101
1111111110010010
1111111101001010
0000000010101011
0000000001111101
0000000010111111
1111110110000010
0000000101100000
1111110110101000
1111110101110010
1111111010000000
1111111010000110
1111110001010000
1111111011101011
0000010001110001
1111111101111100
0000000000001111
0000000001001001
0000000100101011
1111111100100001
1111111110101000
1111111110010001
0000001000100110
1111111101110011
0000001000000000
0000000010010100
1111111101111011
0000000011010101
1111110111111100
0000000011001000
1111111000000000
1111111100001110
0000000101100111
0000000011101100
0000000010010101
1111111001000110
1111111100001001
0000000010111011
1111110111010010
0000000010001010
0000000000100100
0000001011110000
0000000101011100
1111111111010011
0000000000100011
1111100001001111
1111110111010110
1111110010000110
1111111001100100
1111111110111011
0000000100100100
1111111010001101
1111111111111010
1111111100111111
1111111001110000
0000000001010111
1111110111110111
1111111010001001
0000000111000000
1111111111110000
0000000000001000
1111111000011110
1111111100100111
0000000010011101
1111111001100111
0000000011011011
0000000011110000
1111111100111111
1111111001111000
1111111011100111
1111111011001000
1111111110101000
1111111110110011
1111110101111000
0000000010011000
0000000010001010
0000010011001011
0000000001000000
0000000101100100
1111101100101111
0000000100000011
1111111110101101
1111111111001110
1111111001111101
0000000100001011
0000000001011111
0000000001101010
0000000110110011
1111111011101111
0000000100011011
0000000010110010
0000000000011100
0000000011110110
0000000101110010
1111111010001011
1111111110110111
0000001010010100
0000000000010101
0000000110010010
0000000110011110
0000000010110001
1111111000000010
0000001010111000
1111111011100110
1111111011111001
1111110101101110
0000000011001110
1111110001001100
0000001001111110
0000001011110110
0000001010010110
0000000100010110
0000000001100010
1111111100110110
0000000011110111
1111111111100001
0000000111000000
0000000000101001
1111111010110100
0000000101010000
0000000010000100
1111111101011010
1111111100101010
0000001000111110
1111110110010111
0000001100101001
1111111101010011
0000000111101001
0000001001010110
1111111000010011
0000000001000100
1111111001011011
0000000010000110
1111111101000100
0000000010101011
0000000001100101
0000000000110000
0000000001101111
0000000110111010
1111111110010100
1111110111000001
1111111011110010
0000000110100000
0000001001011000
1111110110110011
0000000101110101
0000000001110111
1111111110000110
0000000110111110
0000001000000001
0000000100000111
1111111111011100
0000000110001011
1111111101000111
0000001000010110
1111111100101110
1111110010000011
0000000101011110
1111111001000110
1111111001100011
1111111110011101
1111110100100111
1111111111001100
1111111010110101
0000000001001010
1111111011010111
1111111001101110
0000000011100010
1111111111001110
0000000000000100
0000000011100110
0000000001110110
0000000100011011
0000000100110111
0000000011111001
0000000001000111
1111111000100010
0000001000000110
1111111001111101
0000001000001011
1111111011101010
0000001100111100
0000000101001110
1111110111011010
0000000010011000
1111111101011110
0000000100111100
1111111011110101
1111111011100101
0000000010001001
0000000010000111
0000001010101100
0000000011011110
0000000011001010
1111111110011111
1111111101000101
0000000001101000
1111111100111100
0000000001001011
0000000011110111
0000000000001011
0000000010111100
1111110100010001
0000000101110100
0000000101000000
1111111011010111
0000001100110100
0000001101111001
1111110101011011
0000000000101110
1111111101101000
1111110110000100
1111111001111111
1111111101111100
1111111110011011
0000001001100100
0000000000101110
1111111111010110
1111111110111010
1111111010001011
1111111110101010
1111110001011011
0000000110110011
0000000011100100
0000000100010011
1111110111110111
1111111111110000
0000000011001010
0000000011111010
1111111000110011
1111110110000011
0000000001010111
0000000010101111
1111111101000001
1111111101011110
0000000110000010
0000001000010101
1111110110110111
0000001001011111
1111111111010010
1111110110000010
0000001010000011
1111110111101100
1111111110111011
0000000000100010
1111110110001100
1111111101101010
1111111101011111
1111111101010000
0000000100011111
0000000011011001
0000000001101100
0000001000101000
0000000010111011
0000000010110100
0000000111001000
0000001010001101
1111110110000110
1111111111011110
1111110101000011
0000001001100001
1111111100011110
1111111111111111
0000001111010111
0000000100101101
0000000011111001
1111111100011011
1111111011110010
1111110101001110
1111111111011101
1111111011011111
1111111111001001
0000010000010010
1111111111011010
1111111011100000
1111111101101011
0000001010011010
1111111011001011
1111111000110010
1111110110101011
1111111101111001
0000000101001110
1111111111110010
0000000100100010
1111111111110100
0000000010110101
1111111101011101
1111111111100001
1111110111010000
0000000010101010
0000000001000111
0000001001101101
0000000011010000
0000000010001011
1111111011010110
1111111101011000
1111111110110100
0000000110000001
1111111001010011
1111111100000000
0000000001110001
1111111111100010
1111101111111011
1111111101010101
1111111011010110
0000000110101110
0000000101111010
1111111110111110
0000000101101010
1111111111111111
1111111011010100
0000001011011110
0000000000001010
1111111011110010
1111111010000000
1111111101100101
1111110111011001
0000001111101111
1111111101000110
1111111100100010
0000000011000111
0000001110000111
0000000001001101
0000000001001000
0000000101101110
0000000000100011
1111111001010111
0000010010100010
1111110011010100
0000000010101100
1111110110011010
0000001001101101
0000000110001100
0000001110100100
1111111000000010
1111110101011101
1111110000101001
1111111111100011
1111111011000100
0000000000100110
0000000010010010
1111111011111011
0000000011000010
0000001000110110
0000000000001111
1111111110001001
1111111110100101
1111111011100100
0000000100110101
0000000101011100
0000000000011000
1111111011000100
1111111100001101
1111110110010111
0000000001010110
0000000000010000
1111111011001111
1111111101011110
0000000111000000
0000000011010110
1111111011000011
0000001111010011
1111111111101000
1111111100100101
1111111010101000
0000000011011000
0000000000001100
0000000100010000
0000000000111011
0000000001000001
1111111011001100
0000000100011000
0000000000101010
1111111110010100
1111111101100101
1111111010101000
0000000000111100
1111111100100011
1111111111010111
0000000011000100
1111111111110010
1111111110000000
0000000010010100
0000000000000111
1111111110111110
1111111110010111
0000000000111110
0000000011010000
0000000100100110
1111110110000101
0000000000111000
1111110011001000
0000000101001001
0000010011011000
0000001000110011
1111110111011100
0000001001001110
1111111011100100
1111111110111011
1111111011100000
0000001001100101
1111111100100110
1111111110001000
1111111111000011
0000000101001101
0000000110100101
1111111111101110
0000000010101011
1111111111110010
1111111111110110
0000000010001011
1111111111111001
0000010001011101
1111111110100110
1111110011000111
0000000011010000
0000000001111110
0000000100000011
0000000000001001
0000000000111110
0000000000101101
0000001000110101
0000001010000011
0000001000110011
1111111001100100
1111110101111101
0000000011101011
1111111110111110
0000000001011101
0000000011000101
1111111010100000
0000000001001111
0000000101000101
0000000001010101
1111111011100110
0000000010110000
1111111000000011
1111110011110111
0000000101111000
1111111111011101
0000000101010011
1111111110010011
0000001000110110
1111111011100101
0000000111111111
1111110011010100
0000000110000000
0000000000000000
0000000000000000
0000000000011110
1111111110000000
0000000100110110
1111110110101101
0000000110010010
0000001011101001
0000001011010011
1111111001100101
0000001100000000
0000001010001000
0000001100011010
1111111100010110
1111111110111111
1111111001011000
0000000001010001
1111111010101111
0000000011000110
1111111001110110
0000000111010110
1111110010110101
0000000001010110
0000000010000100
0000000010111111
0000000100100010
0000000001010000
1111110011111100
1111111110100010
1111110100010101
0000000101111011