0000001011011010
1111101100111001
0000011110001100
1111110010001101
0000011111110010
1111111000111011
1111111001110111
0000001000001100
1111101111101111
1111100010000111
0000001101110001
0000000010011000
0000000010110001
1111111000101111
1111100011001101
0000001001011010
1111101111000100
1111111001110010
0000001110101001
0000000010000110
1111010001010100
1111111111001100
1111111110100010
1111111011011110
0000000111110110
0000000000101101
1111110110110010
0000000101000111
0000000100010111
1111111010111001
0000000110100001
0000011100010101
1111110100011111
0000000110100110
0000010000001000
0000001010010011
1111011100000010
1111100000100000
0000001100101000
0000100100111011
0000001001101100
1111111001101010
1111101101100011
1111111000000001
0000001111001111
1111111000101010
0000011101100100
0000001010110101
1111110000110111
1111101010011111
0000000100000010
0000000000000000
0000010101111101
1111111011000110
1111110111010100
1111110101100111
1111111000000011
0000001000101110
1111111001101011
1111110110111000
0000001111011110
0000010101001001
1111111100100011
1111010001000011
1111111111000001
0000010101000111
1111010101000101
1111111010000111
0000000100000010
1111110110100111
0000001011111011
1111110010010000
1111111101100101
0000000001000010
0000000000000100
0000000010110111
0000001000001100
1111110100001111
1111111001001100
0000000100110110
0000001000010111
1111111010001001
0000000000110100
1111110011010110
1111111011010000
0000010100001110
1111110100111110
0000001010010011
1111110111100001
1111110011101101
1111101100100011
0000000010110110
1111111001010111
1111111110010111
0000010000001111
0000010100101101
1111100101111111
1111110001001010
0000010101010001
0000011001001101
1111101010011110
1111110000111100
1111100100110100
0000000111011110
1111111010011011
1111111101111111
0000001010011010
0000000000111110
1111111000001010
1111110100110001
1111101011010011
0000100101000010
1111110101110101
0000001111100010
0000000111100000
1111110110000101
0000001100000100
0000001010101000
0000001011010110
1111101110101101
0000010000000101
0000010000010011
0000001110000011
0000000110100100
1111110100001111
1111110101010111
1111100100101111
1111110000001110
1111111110001100
0000000010101001
0000010011011101
1111110011001010
0000000000000011
0000001000101110
0000101101000000
0000000101011110
0000010001000011
0000010010100101
1111010011101111
0000010001000101
0000001100010111
1111011111000111
0000000011110000
1111111100001001
0000000001001110
0000000010000001
1111111010111111
1111101111100101
1111111000101110
1111111011101100
1111111010011000
1111100001011000
1111111101000100
1111111100101111
1111110101110010
1111111011011000
0000011011110010
1111111011100011
1111101010001110
1111110010000000
0000011000101001
0000011011011010
0000001000010000
1111110011111101
1111110101101010
1111011101010010
1111100110110001
0000001100011001
0000010011001110
1111111100010100
1111110111110010
1111101100010111
0000001001000011
1111111001110001
0000001011111111
0000010110001011
1111110010001100
1111101101101010
0000010111110001
0000000111011100
1111111000100111
1111111111101010
0000000110101011
0000010110111010
0000001110111101
0000010011101011
0000011000111100
1111111011000101
1111100111010011
1111101011101001
0000000111010110
1111110100000000
0000000100100111
0000000000000111
1111111101001000
1111111010001110
1111100011101101
0000010100000111
0000010110011011
1111100011010001
1111101110101001
1111111010101010
0000011001001110
0000001110010001
1111110111011110
0000000110100001
0000001111001101
1111111000000011
0000010011101100
0000000000111000
1111111100011101
1111111110111101
1111111100101110
1111110000011100
0000011010101101
0000000001110111
1111100110001100
1111101000010101
1111111011001110
0000001110011110
1111011101110001
0000010110010100
0000001100011011
0000001011010011
1111110011011110
1111111001001110
1111111111010110
0000010101110101
0000000110001010
0000001000000110
0000000101111111
0000001010100000
1111111100011110
1111110111111011
1111110000010010
0000011110000110
1111111010110000
1111110000100100
1111101101101000
0000000111000010
1111111111010110
1111110101011011
0000001010000010
0000000111010101
0000001011010010
0000001010011110
0000001110011000
0000001110001011
1111111001010011
1111111100000000
1111111001001110
0000000010110011
0000011011101011
0000001000111001
1111111110110100
1111111110011100
0000001110011110
0000000100101011
1111110111100101
1111100101001000
0000010011101001
0000000001010001
1111110100011010
0000000100011011
1111111011010011
1111101101000011
0000001100111110
1111101100000001
0000000011001101
0000001101000111
0000010111100101
1111111100010001
1111110101111011
0000000100000100
1111111010001111
1111110101110010
1111110011110100
1111111010110110
1111101111111011
1111101010100000
0000011001010001
0000010100001001
0000000011011010
1111110000010100
1111111001111110
0000010011100011
0000001101000001
1111110100010011
1111100001001111
1111101110011010
0000011001110111
0000000010101100
1111111011010101
0000000000011111
1111111111001001
0000001001111100
1111111001010110
0000000101101100
1111110111001110
0000000100110011
1111111110101101
1111110011111000
1111111011100111
0000001110111101
0000001101011101
1111110101111101
1111110001110100
0000100000110001
0000000010110110
1111111000000111
0000000101101000
1111101010111101
0000000001011110
0000001110100010
0000001100000000
1111110110010110
0000000001001111
1111110001111100
1111011011101101
1111111000100101
0000001110101000
0000001111111111
1111111000011010
0000000100001000
1111110011000101
0000001010001000
1111111011111111
1111110100100111
0000000101000000
1111111010010001
0000010000110100
0000011110000011
1111101110000011
1111111000111100
1111111100001110
1111111111001110
1111110110101001
1111011011000100
0000011110000000
1111111101100000
1111101111010110
1111111111010111
1111101111001111
0000001010101111
1111111110111111
0000000111101000
1111100001000010
1111111101100000
0000000010111101
0000010010110001
0000010100011111
1111111111101010
1111111011100011
1111010111011110
1111110010110110
0000000001010110
0000000111101000
0000000101100101
0000000100101011
0000001010010101
0000000010100011
1111100100111000
0000001101010101
1111111001110010
0000000111010010
1111101110000110
0000001001000001
0000000110100001
1111111111000011
0000001000100011
0000001010001001
0000000000111010
1111111111100101
0000000110001100
0000000000110011
1111111010000100
0000100011011111
0000011000010101
0000010100110000
1111101111000001
1111111100100010
1111101111110011
1111110101000101
1111111100000110
0000000111111011
0000011001011010
0000001111000001
1111111011101101
0000000010111010
0000001111111100
0000001000101011
0000000000001000
1111101001111111
0000001110001110
1111111101000110
0000011000100111
1111111001110110
1111111010000001
0000000101011110
0000000110010111
1111110001100010
1111110010010100
1111111010010110
1111110101000001
1111110001001000
1111110111110011
0000010000010100
0000000010011111
1111111001000100
1111100001101110
0000000100000101
0000000101101111
0000001011100011
0000100011001110
0000010100100001
0000011110101010
1111111111100010
1111111110001001
1111101111011100
1111110110100011
1111110100111000
0000000100110010
0000000100000001
0000010011010110
0000001100110001
1111110001001010
1111111110111110
1111111010100011
0000000100011101
0000001111011100
0000010001001011
0000010100000101
0000000111101100
1111110000101001
0000010111111010
0000100111110000
0000010010111111
0000010111010001
0000000000101000
1111110000011000
1111101101100000
0000010000100010
1111111010101101
0000001100101100
1111110000111101
1111110010000011
1111110011111111
1111110001011111
0000001100111110
0000001100000001
0000000011010111
0000001101001111
1111101010000110
1111110100001010
1111110101000100
0000000010100100
1111110100110111
0000000100110010
1111111111111100
1111111000001100
1111110001010101
1111100110110111
1111110101000101
0000001100110111
1111101100110101
0000011001000001
1111111011010100
1111110110001010
1111111001100110
0000001011000000
1111111011011011
1111111001001001
1111111010100000
0000010011100000
1111111001011111
0000000101100101
0000000000010110
0000000110000111
0000001011001011
0000001010010000
1111101110011111
1111111001010110
0000001100000110
1111111011110111
0000001101011110
1111111010101110
0000000111101111
0000000011110000
0000000001100100
0000000100000101
0000000100101000
0000011101010100
0000001010000001
0000000011011100
0000001011100010
1111101101000010
0000010010001111
1111101100111100
0000000101101100
0000000001100001
1111111011111101
1111111100111111
1111111111101001
0000000001100101
0000001011001101
1111111111110000
0000011111100110
1111110101010110
1111110110010101
1111110111110110
0000010010001000
1111111100101110
1111111101000011
0000000101011100
0000000000011000
1111111010001100
0000000101110110
0000001011000011
1111101010101000
0000001000001011
0000001001010111
1111110110010101
1111110110010000
1111101011101111
0000001100011000
1111111111001010
1111101001010111
0000010010101010
1111110001100000
0000001100001010
0000001101101011
1111111101010011
1111111000101011
1111110101110001
0000000110010111
1111110000110001
0000000000010101
0000000101100100
1111110100101101
0000000101101000
1111101110111101
0000001100111011
1111110110110000
0000001010110111
0000000010100001
0000001000001000
0000000100111001
1111110001010001
1111111011111101
1111101100100011
0000000100010110
1111101100100111
1111111111111011
0000000001100011
0000010011110101
0000011100100101
1111110010000010
1111101100101011
0000011111001011
0000000111000101
0000000110101101
1111111001011101
1111111110100110
1111111101110101
0000000100111101
0000000110101011
0000000101010000
1111111011101011
0000000010000100
0000010101000011
1111110011110010
1111100101111011
0000001011000110
1111110000110001
1111101010111011
1111101111100101
1111110110011000
0000001110010101
1111111100101110
0000000100100001
1111100010001101
0000010001001110
0000011111110101
0000001000101000
1111101100001011
1111101111110110
1111101110001010
1111001100010101
0000100111001001
0000100001100011
0000010000011110
1111110111101010
1111111010101110
1111101000010010
1111110001110000
0000010001100110
0000001100011110
1111111101011111
1111111100110110
1111110010000011
1111111101010111
1111101101100111
0000001100011100
1111110000011100
0000000000000110
0000011000111111
1111111111110010
1111101001101111
1111100001100011
1111110101101011
1111111011111110
1111111011010111
1111111000000100
0000001001111000
1111110110000110
0000000100100001
0000000001110001
0000011001111101
1111111001010000
0000011110010011
1111111011100111
0000001001101000
1111011110011111
1111111001111011
1111111000101111
0000010101100101
0000000110101111
1111101111011110
0000000100110100
1111110011000000
0000000010100001
0000010010110000
1111110010100000
1111111010001001
0000000001001101
0000001001110001
1111110100010111
0000001010001010
0000000011111110
1111110101011110
0000010011100100
1111111011011100
0000000011001111
0000001011011011
0000001110101101
1111111001101010
0000000111110011
1111111000110110
1111110000110001
1111110110011001
1111110100011111
1111110101011000
0000000001011101
0000110000011000
0000001010111011
1111000111001011
1111110101011100
0000010110011010
0000010000110101
0000000101010011
0000001011111101
0000001001001010
1111110111101111
1111111110000000
0000010101000101
1111110100101111
0000001111000010
0000010011011011
0000001001101101
1111110100000110
1111111001010110
0000000001000010
0000000000011101
0000001100001110
1111101100011011
0000001001101000
1111100110001110
0000000000000110
0000000111101111
1111101011000101
1111111101101010
0000001001011011
0000001010000101
1111110110110101
1111110011111010
1111101111011110
1111111111110011
0000011010000111
0000010011110101
0000011001001101
1111011110010110
0000000000000110
1111111111001110
1111101101001101
1111110011000010
1111111101000111
1111011100010110
1111110100101010
1111101100011000
1111110101010010
0000001000011111
0000000000000110
1111110100111011
1111010011000100
1111111010000110
0000000010100010
0000011001100111
1111110100001101
0000001111010100
1111111000111001
0000000110000001
0000000000110011
1111111011111000
1111111111001100
1111110010001011
0000000000110101
1111101010100111
1111110000010101
0000010100100110
1111110100111111
1111110100010110
1111101110101101
1111110111001101
0000000001011101
0000100001000111
0000001000101111
1111111100010000
0000001101001110
1111110111000001
0000000010011001
0000010011010001
0000000000011111
0000000011010101
0000010100110111
1111110111100001
0000101010001101
0000000110110110
1111100111011100
1111110000110111
1111111101110111
1111111001100001
1111101011101111
1111111010010000
0000001000000110
1111111101110101
1111111101001010
0000000010001111
1111111000000000
0000000100011001
1111111011010011
0000000101010101
0000001001111010
0000100100001110
0000000110111011
0000001101010010
1111110001101011
1111110100000110
1111101101110101
0000001110000101
1111111110111110
1111110001101011
1111110101011110
0000001011010110
0000001100100110
1111101010000011
1111110111000001
1111111000111011
0000000001011111
0000000111101100
0000000011000000
1111110111001001
0000001010110001
0000001001011101
0000001111000000
1111101111100110
1111110111101100
1111110010000101
0000001101111100
0000000011100111
0000010000000111
1111101101001000
0000010001010110
0000001100100001
0000000001011010
1111111010011001
1111110001011111
1111100010001110
0000010010010000
1111111011111010
1111111010011001
0000001001001101
1111111010100110
0000000111111001
0000011101000110
0000001111001111
1111101100101100
1111111011101010
1111110000101110
0000001001010101
1111111011101011
1111101101100100
0000000111010011
0000001010100110
1111111111001111
1111101011000101
1111111010010110
0000001010011111
0000000111000110
0000001111101101
1111101101101011
1111110010110110
1111111100111111
0000000011100000
1111111001011100
1111111100011010
1111110011111001
0000000101101101
0000001011101000
0000010111101011
0000000110101111
1111111001111101
1111110101110000
0000001111000001
1111110010001111
1111101110010101
0000001101111100
0000010000100011
1111101110011111
1111111010100011
0000010111000011
0000010011011110
0000001111100111
1111111111000011
0000001000011011
0000001100100110
1111111111111110
1111111001110111
0000000000011011
0000010101111100
0000000010111111
1111100111011110
1111110001110101
1111111101011000
1111111111110001
0000000100110010
0000000000111111
0000000100000110
1111110100000100
1111100101100100
1111101111111011
1111111100100111
1111110010100101
1111100000000011
0000011011000110
0000011111000011
0000001000011110
1111101001001111
1111110100111001
1111111000000110
1111110010110010
1111111001000111
1111110010111101
1111100001010111
1111110110100000
0000000011100000
1111110111011100
1111110010011100
1111110111011010
1111111000010000
0000000110011110
0000001010010011
1111111000001111
1111111000011111
1111110010101100
1111111001011011
0000000001110110
0000001110000110
0000000010010110
0000001110110001
1111111010011001
0000010101001000
0000010010010001
1111111110001111
0000000001110110
0000000000001000
0000000100110110
1111111100000101
1111101000110010
1111110000000100
0000000101100101
1111110110011111
0000010110111000
0000000010010101
0000001100100010
0000000010111000
0000000001110100
1111111001011000
0000000111111011
1111111000001000
1111111011011011
1111111101101010
1111111111101110
1111010111100111
1111110000000111
0000001010000111
0000001000000000
0000011011011010
1111111111101100
1111011010110011
1111110100001111
1111110111001101
1111101110100000
0000001010110101
1111110100011111
0000001011111000
1111110111011100
1111111011111000
1111100100100001
0000010000010110
1111101110101011
0000001000011010
0000001001011101
1111101101000111
1111100011000101
0000001001110011
1111111101011000
0000001011111010
0000000000100101
0000001000101101
0000011011100011
0000000001011100
1111110101100110
0000000000001000
1111111111101000
0000010001001000
0000000110000011
1111110110100100
0000011111100101
0000001111100101
0000001110101010
0000010010000010
0000000010100110
1111111110110101
0000010011100110
1111111001001111
0000001011111101
1111101100011001
1111111000001001
0000001001101010
0000100100000100
1111100101111101
1111110100100011
0000010010000101
0000010101100011
0000010101010110
1111111111111010
0000011000001010
0000001111111011
1111110101001111
1111111011001010
0000000001111001
1111110010010111
0000000101011010
0000001101000000
1111110110010110
1111110010010011
1111100111110101
1111011110000101
0000010100010011
1111110101111101
1111111000110100
1111010111110000
1111110100101011
1111101100100111
1111100101111000
1111110011000000
0000001110111101
0000010011010111
1111111100011001
1111100011100010
0000000110010011
0000001010000110
1111100001100111
1111111000011100
0000010011010001
0000001100011111
1111101100110101
0000001001001001
1111110111110011
0000010010101011
1111101000110011
1111111110100110
1111101110010110
1111101101101010
0000001101111100
0000000100001111
0000010111110011
1111110001101000
0000000111110000
0000010111101011
1111111101111010
0000000110101101
1111111101010001
0000011000100111
0000010100110111
0000100101000010
0000000101110110
1111101011000001
1111101011010000
1111111001001000
0000000001100000
1111111111000001
1111111011100110
1111111010100100
0000100011001000
0000010110001010
1111110000011000
1111101101001101
1111111110100010
1111101110001000
0000000101111001
1111010110011000
0000011011100110
1111101110010101