0000000101011010
1111111110110110
0000000011010011
0000000011001110
0000000010100100
1111111110111101
1111111001011100
1111110010000111
0000000110010011
0000011011101111
0000001111001111
0000010011000001
0000000000001010
1111111011010111
1111111000101001
1111110100111101
1111110110101000
0000001100011001
0000001001101100
1111111111011100
1111111000011110
1111110100001010
0000000011001001
0000001001100010
1111111110110001
1111111011001010
1111111111100110
0000000110100001
0000000100101100
1111111111101001
1111111110000000
0000000010110100
1111111001010110
0000000010010110
1111111101001011
1111111011010100
0000000010001011
0000000111111111
0000000100100001
1111111111100110
1111110101110010
1111110011000000
1111101010000100
1111110110001110
1111110110000010
0000000110000000
0000000111010000
0000000110001110
1111111010001101
1111110100011101
0000000000110101
1111110000101001
1111111101100000
0000010101000101
0000000110100100
1111111010001110
1111110111000000
0000000011101000
0000001000110001
1111111111101011
0000000000110111
0000001110000110
0000001100000111
1111110110001000
0000000010010101
1111111110111110
1111110000010100
1111111101000010
0000001110100110
0000000100101010
0000000000111111
1111111101110101
1111101100000100
1111110110001010
0000000111100110
0000000010000011
0000000100001011
0000000110010011
1111111101101010
1111111001100001
1111111100111100
0000000010000111
0000010101101110
0000011011010001
0000000110001000
1111111100001111
0000000000011100
0000000001111111
0000000100101110
1111111011111001
1111110001010010
1111111000001110
1111111110111010
0000001010101111
1111111001100001
1111110101110101
1111111011001110
0000000100000001
0000000110000111
0000000100101100
0000000000010001
1111111011111110
1111101100101000
1111111010011101
1111111111100001
0000001000010010
0000011001010101
0000001001011100
1111110010001101
1111111100000000
0000000001000110
0000000001001001
0000010000100110
0000010000101110
0000000001000100
1111110111001100
0000000010100100
1111110111011010
0000001011000100
1111111000011000
0000001001001101
0000001010011011
0000001100100011
0000000110111010
0000001000101110
0000000101100100
1111110100011000
1111111101011001
1111111100110001
0000000011110110
0000000010001110
1111111101101001
1111111011111111
1111111100010111
0000001111001000
0000000111111000
0000001010111000
0000000001101100
0000000001000010
0000001001101111
0000001101110010
1111101110100101
1111111001100111
1111111001100100
1111111011111011
1111110010001101
1111110100111011
0000000010110100
0000000000100011
1111101100111010
1111110100000100
0000000010100100
1111111111101111
0000000001011101
1111110111011010
1111110011011000
0000000011001111
1111110111000110
0000000001100111
0000000010010101
0000000100100010
1111110101100100
0000000101100011
0000010001101000
1111111101001111
1111110110001000
1111111011111111
0000000100010100
0000000110010001
0000000011101001
1111110011010010
1111111001011010
1111101100101010
1111110110010110
1111111110100010
0000001111000101
0000000010000101
0000001010001010
0000000010110110
1111110011011001
1111110001101101
0000001010001110
0000000001001011
0000001010111101
0000000110011110
1111111011001111
1111111001010000
0000000100001001
0000000100111010
1111111011000001
0000000110000101
1111111010110011
1111110011101000
1111111000101010
0000010011001011
0000000100010001
1111110011010100
1111111101100010
0000000111010110
1111111110001010
1111111001000100
1111110111100100
1111110011010011
1111111010100100
0000010000000011
0000001011110110
1111111110100001
0000000000111000
1111111100101111
1111111001100111
0000000010010010
0000000110011110
0000000010101010
1111111000011010
1111110111101110
0000000111110111
0000000000100101
1111110111111000
0000001100000101
0000001011001110
1111100010011001
1111111001010010
0000001101000110
0000000101111011
0000010010001100
0000000111100100
1111110100010101
1111111110111110
0000000011011000
1111111101111100
1111110111000001
1111111001110011
0000000100100001
1111111111010111
0000000100111101
0000000011001011
0000010101011110
0000011001000101
0000010100101011
1111111110111000
1111111110111011
0000000110100110
1111111110000101
1111110101000010
1111111001101010
0000000000000000
0000001001001110
0000001101011100
1111110111111100
1111110010111010
1111110011000010
1111111100111101
0000000011000100
0000000101000111
0000001101110010
1111111110101001
1111110101100010
1111110110001011
1111111000010100
1111110101011110
1111111101001010
0000001100010110
0000000100101010
1111111110111011
0000000101110000
1111111011110111
0000000110010001
0000011000010111
0000000001000001
1111110100011110
1111110111000100
1111101011111010
1111111100111111
1111111101101010
1111101011011000
0000001000110001
0000011110100001
0000010001001100
1111110100110110
1111111001001110
1111111110111111
1111111110010001
0000000000010110
0000001000101101
0000000100111111
1111111100001001
0000000010011001
0000000100101001
0000000000100000
1111111101110110
1111110100101101
1111110100110101
0000000110001100
0000000101000101
1111111000110000
1111111100001101
0000000000001101
0000001010011100
0000000111011000
1111111010111110
0000000000110111
1111110001001001
0000000110010111
1111111110110000
1111111000101011
1111111000101000
0000001111000010
0000001110001011
0000001010100001
0000001101010100
0000001000010100
0000001000111010
0000000001110001
1111110100101111
0000000011011010
1111111101011101
1111111111110101
0000010110111111
1111110100100101
0000000000010010
1111110111101001
0000000101101111
0000010010101110
0000001000101100
0000000000111101
0000000000111110
0000000100010111
0000000100001110
1111111111111111
1111110111010010
1111110111101001
1111111100100001
0000000110010001
1111111100010101
1111110111111101
0000000110110010
1111111100100000
0000000011000011
1111111011110100
1111110100010110
1111111011000100
1111111000100110
1111110001011111
0000000100101001
0000000101010011
0000000110010101
0000001000011101
1111101111111011
1111111110111101
0000000110000001
1111110110110011
0000000000100111
0000010011011010
0000000001001010
1111110111101000
1111111001100000
1111110111101111
1111111011110010
1111111001011000
0000000010000110
1111111001000011
1111111111110100
1111111110100100
1111110100100110
1111101011011010
0000000101000101
0000000011110110
1111111100111011
1111111110001000
1111111100111101
0000000010111111
1111111101001101
1111110000001001
1111110111010111
0000010000111000
0000000101110011
0000000110000110
1111101100110001
1111110101101001
0000000111111111
1111111100001000
1111111010011010
0000000001110101
1111111110100000
1111111111101101
1111111001100100
1111111101101000
0000000001001001
1111111001101101
1111111111000100
1111111111011100
0000000011111100
0000000010110101
0000000000000010
0000000000111110
1111111001110111
0000000110110011
0000010000011000
0000000011100101
1111111011101101
0000000001101000
0000000101100001
0000001011001111
1111111011101111
1111110100101101
1111110101111100
1111111100111111
0000000111111011
0000010110101011
0000011001010110
0000000100001010
1111111000101011
0000001011111101
0000010010010001
1111111100001101
1111111100100111
0000000101011000
0000000001111001
1111110011110101
1111110101110011
0000011010000111
0000001011000001
0000000011000110
1111111010111010
1111111111011111
0000000111110010
0000000110000100
0000000001011100
1111111101101110
1111111101000010
1111111011010001
0000001001000011
0000000101101101
1111111111111101
1111110011111101
1111111010011101
1111111011111110
0000000011000110
0000000010001110
1111101010001101
1111111000001100
0000010010010111
0000000000001011
1111110111011001
0000001111101001
1111110100100100
1111110100101111
1111110100000110
0000011001010100
0000000110111001
0000001101010100
0000010001111000
0000000010111000
1111111001110010
1111111010010011
0000001101100000
0000000111011111
0000000110000111
1111111010111001
1111111100011000
0000000001000011
0000000111011110
0000001100001011
1111111111100100
1111110111000111
0000001001100101
0000000100010010
1111111001101110
0000000000110000
0000000001100101
1111111110101001
1111111111100000
0000001010100111
0000010011001110
1111110100011110
1111100110100011
1111111110010110
0000000000100110
0000000010011010
0000000010110010
0000001011010110
0000000111011110
1111101101110101
1111110001110111
1111111000100111
0000000010101000
1111111111110010
1111111001010111
1111111001000010
1111111100001101
1111111110000110
0000000000001110
0000000010100011
1111110011110001
1111110100000010
0000000100110000
0000000001000000
0000000000000110
1111111011000101
0000000100011110
0000001101011000
0000010011000101
0000000001001101
0000000011010011
1111110001110111
0000001110001100
0000010011100011
1111101110001100
1111101110110101
1111111010111101
1111111100111110
0000000011111010
1111101011110101
1111111010010011
1111110100111010
1111110100010001
1111111001011111
1111111111011001
0000001111111000
0000000001000010
1111110101111100
1111110101000001
1111111000011100
0000001100101110
1111111110111010
1111111100011101
0000000100000001
0000000001001110
1111111001111010
1111110111100000
0000000000011111
1111111111011010
0000000100001011
0000000000001011
1111110000000011
1111110101100100
1111111110101101
1111110100110101
1111101111011111
1111111100011010
1111111110001010
0000001111001110
0000001011011100
0000001110000111
1111100111010101
1111111010001011
1111111111011111
0000000110100100
0000000001111100
0000000111101010
0000000101010010
1111110100111010
1111111111111110
1111111110110010
0000000100010011
1111111100011111
0000000000011010
0000000010010001
0000000010010110
0000000111101010
0000000000001110
1111111001001011
0000001010011001
0000001011001101
0000000100011110
1111110100100000
0000001011011101
0000000110110000
1111111010111100
0000000101000111
0000001010010001
0000001101001011
1111111001001010
0000000010101001
0000000011010110
1111111111010001
1111111100001101
1111110100100011
0000010010101101
0000000010011011
1111110101101111
1111111111110011
0000001000010001
1111111011111001
0000000001000000
0000001000010001
0000001000100001
0000001001010010
0000000101110100
0000000011100011
1111101000111110
1111110010011100
0000001011110100
0000001001010101
0000000110010001
0000000001101111
0000001010100100
1111110110111111
0000000000111101
0000001010101101
1111111100001001
1111110111000000
1111111000110001
0000000100111000
0000010110010100
1111110111110011
0000000000110001
0000000100000100
0000000010101001
0000000010111110
0000001101101101
0000000011001011
1111101101000110
1111110011001101
1111110001100100
0000001101101100
0000011110000010
0000001011111100
1111101011110110
1111110001001001
0000000010010110
0000001001111100
0000011010101010
0000000000011111
0000000001010011
0000000100110110
1111111101100011
0000000000110001
1111110010100001
0000010001110111
0000001111111011
0000000110111000
0000000011000001
1111110110110110
1111110100111110
0000000011000100
0000000011111001
1111110001000101
0000000000100010
1111111110110100
0000000000000100
1111111100111101
1111111001101011
1111111111011001
0000000010011100
0000000000010010
0000010010100001
1111111110011110
1111110100001101
0000000110010110
1111111100111111
1111111100111001
1111110110000101
1111110110010010
1111110111110000
1111110111001110
0000000001100100
0000001010101110
1111111111010110
0000000001101101
1111111011100101
1111101101011110
1111101101010110
1111101110110000
1111111101110111
0000000000010100
0000000000000111
1111110100111100
1111110010110011
0000000010001011
0000010111000111
0000001000001001
0000001101100100
0000000000101110
0000001001010010
0000001000111111
0000000100001000
1111101011001101
1111110001111000
0000010101110100
0000000011101111
1111111110010011
0000000001100000
0000000001011011
0000000100011010
0000000000000011
0000000010010010
0000000011000001
1111110000111110
1111110000111000
0000000100100011
1111111011101100
1111111000001100
0000000011101100
0000000111101100
1111101111110111
1111110111100011
0000001110101111
0000000010100000
1111111110001101
0000010000000111
0000001110110111
0000000011010110
1111111111010100
1111110101010011
1111111010111110
0000000000100010
1111110111100011
0000000110000101
0000011011111101
0000001000111111
1111011110010001
1111011110010111
1111110110111111
0000011011110001
0000000011111100
1111110000000101
0000000011101100
0000000001101000
1111111101010001
1111111110001010
0000010111010000
0000001110010111
1111111000011111
1111111011100011
1111111001000101
1111111000011101
0000001110110100
0000010000000001
0000010001011011
0000000101100100
0000000000111101
1111110111010001
1111110101000111
1111110111011001
0000001100110111
1111111101100110
0000001011010101
0000000001111100
0000000000101100
0000001100110111
1111101101010000
1111010011000000
1111111110101011
0000000101101110
1111111101100100
0000000001011010
0000001001100001
0000000000110110
1111111110000011
1111111001001100
1111111101110000
0000000101101111
0000000110111000
1111111101111011
1111100111010101
1111111010001011
0000000100001010
0000000011100110
0000000010000010
1111111100100001
1111111001010110
0000001011110101
0000001010111000
0000001110010101
1111111011000101
1111101000010101
1111110011011110
1111111011100011
0000000011110010
1111111110110010
1111111011000100
1111110110010100
0000001010100100
0000010111101110
1111110101011110
1111101111110100
1111111011010000
1111111110011110
1111110111010100
0000000001010101
0000001000111100
0000000110010101
1111111000010010
1111111110100011
1111110001010110
1111111101101010
0000001100100110
0000000110010111
1111111011111011
1111111011011101
0000000010010011
0000000001001001
0000000110010100
1111110101000001
1111111111100101
1111111000001100
1111110011111011
1111111000010100
0000001001110010
1111111110100011
0000000111110010
0000000100001010
0000000010100111
0000001011100100
0000000110111100
0000000001100010
0000000011110100
0000010011000011
0000000100101010
1111101100010001
0000001101000001
0000001000010001
0000000100110001
1111111001001010
1111101111000111
1111110000011110
1111111011101000
0000000111001011
0000001011100011
1111111001010100
1111111111101010
1111111110011001
0000001100101101
0000000010011101
1111111100100110
1111111000010001
0000000110000000
1111110111111010
1111100111001011
1111110101011100
1111110110001111
1111111010011011
0000000100100110
1111111110010011
1111111111110000
1111111010101110
1111111110100110
0000001000101100
0000010111011011
1111111001010000
1111100011111010
1111110110011001
0000001000110111
1111111101000110
1111110000111011
1111111100101111
0000001000010110
0000001001100111
0000010000101011
1111111001000100
0000010011100010
0000011111000011
0000001111100000
1111111100001010
1111100111100010
1111110011011101
1111111101010000
0000000111001100
1111110100011101
1111110000000100
1111110111010001
0000001111010000
0000001010100011
1111111110010001
1111111010001000
0000000011110100
1111111111111100
1111111111001100
0000000101100011
0000000100001001
1111100010101001
1111100101111100
1111111101001001
0000000111011011
0000000111100110
1111111001100011
0000000011110001
1111110101011001
0000001000011000
0000001101000001
0000000010000110
0000000110101100
0000001011100000
1111111111011101
1111111101100011
1111111010110011
1111011101101011
1111110110001110
0000000101111101
1111110111010111
0000001011000000
0000000110001010
0000001000110100
0000000010101001
0000000000001101
1111110001111100
1111111011110010
1111111101100011
0000000000010000
1111111101011001
1111111010000100
1111110101011011
0000000101010011
0000001110000111
0000000101001100
0000000111100110
0000000000111100
1111110010100110
0000001111100101
0000011001110000
0000001111001001
0000001011110101
1111110000000111
1111101000101011
1111101011001110
1111111010101001
0000000100100011
0000000001000101
1111111000101000
1111111110011111
0000001011101111
0000000011101011
0000000101100110
0000000010110101
0000001001000011
0000001101101111
1111110111101111
0000001101110001
0000001001100111
1111110001100000
0000000010001000
1111111011100110
0000000101110011
0000001011110100
0000000101100010
0000000001001011
0000001100110010
0000001001111010
1111110010010000
0000001000000000
0000001001110010
0000000010101100
1111100110101010
1111110110011011
0000000101001101
0000000011111100
0000000001011011
1111111101001100
1111110001110010
0000001011001001
0000010011000110
0000000011001011
1111110010010100
0000001001101010
1111111110100111
0000000000011001
0000010100100111
0000000011110000
1111101110101001
1111111101000010
1111111010100001
1111111010000100
0000000100110001
0000000111111000
0000000011100010
0000000001100101
0000001111010110
0000010011101101
1111111000010010
1111101101011100
0000000101101010
0000010100010100
0000001001000000
0000001111001101
1111111010110010
1111110010000010
1111110000110111
0000000100100111
0000000000011110
1111110100101111
1111111100100110
0000010101111001
0000010010001110
0000010101001000
1111111001101101
0000000101110100
0000001000000011
0000000000101110
1111111100001000
1111111100110000
1111110101011010
0000001010001001
1111110101101101
0000000010000001
0000000000001100
0000000101100010
1111111101000010
1111111011110001
1111111101001101
1111111101000110
1111110111101101
1111111111111101
1111111100110001
1111111011000000
1111111110100001
1111101101111011
0000001111101100
0000001010101101
0000000100001110
0000001111000000
1111111110111100
0000000100101010
0000000011101000
0000000011110010
0000000101110001
1111111000100001
1111101000100001
1111111001110100
1111110100100001
1111111001110011
1111111101001100
0000000110000110
0000000000000000