0000000111000011
1111111111010000
1111111111101011
1111100110110000
1111111110110000
1111111100100100
1111100110111001
1111111100011001
1111101101111011
0000001101011010
1111011100110011
0000000001011101
1111110111101010
1111110001011010
0000000011001110
1111111001000011
0000010100100110
1111110011101111
1111111101001101
0000001011100111
0000001011010001
1111111001111100
1111110111000110
0000001000000101
1111110010111101
0000010010101100
1111100100101100
0000001010010000
0000000101001100
1111101111000111
1111111000110000
1111100110101101
0000001000000000
1111111110101011
0000001000101010
0000000010000010
1111111111001011
1111111110000011
0000000011100101
1111111000011010
1111100100101100
0000011100000000
1111110000001000
1111101111000010
0000001110100011
1111111111001100
0000010011011000
0000000001001110
0000000010111001
0000001001001101
0000011010011000
1111111100001111
1111111110000000
0000010110100111
1111100110101110
0000101101011011
0000010010011011
1111101001110000
0000010000010100
1111111101101110
0000010011101010
1111110011010011
0000000000011100
0000001010001111
0000001000001010
0000000000010001
0000001100010001
1111101101000001
1111111001111101
0000001111010111
1111111010010010
1111101010100110
0000000000010011
1111111110100101
1111110111001110
0000001001100010
1111111011101110
0000001110011101
1111101110010001
1111111100111101
0000010111000111
1111101110101010
0000011001110111
0000101100110110
1111110000000101
1111110100001110
0000101110001010
1111101011110000
0000101111010011
1111111000111110
0000000001101111
0000010001101010
1111111101010100
0000000000010010
1111110011011100
0000000001100001
0000001001001101
1111111100011011
1111111101010000
1111111100011100
1111110100010101
0000011001010011
1111101010111111
0000000110000011
1111100100101110
0000001100110010
0000000001010110
1111111000101000
1111111010110010
1111101111101111
0000011001010101
1111110111011001
1111110110111111
0000001001011001
0000001111001111
1111101011101100
0000100000011110
1111011100001001
0000000011111111
0000001101110110
1111111101000010
1111110010110111
1111111100011101
1111101001000000
0000001101000101
1111100111000001
0000001100100011
0000000101000011
1111100100000010
0000010111011010
1111111011001110
0000000100000111
1111110010101011
0000010101100101
0000001000001111
0000000001111110
1111101011101110
0000000100111001
1111110111010101
0000001010100010
1111101011110001
1111111011100100
0000001100001101
0000000011110010
1111110111010101
1111101111111101
0000010111111011
1111101100011001
0000011000100101
1111110010101101
1111110000100100
1111111100101110
0000001110110010
1111100000000001
1111111011011111
1111111011001000
0000001000011101
1111100111010100
1111111001101000
0000010001110100
1111111001110101
0000001010111011
0000001011001001
1111111110001100
1111110110110110
0000000110011101
0000000110010110
0000000100011010
1111011100010100
0000000001111010
1111101001100111
0000001011000001
1111011010101000
0000000101011101
1111100111010100
0000000011001111
0000000101000100
1111100011001011
0000010101010011
0000011000100011
1111101000010000
1111101101001000
0000011111010001
1111011001010101
1111111101101010
1111111101111110
1111111001001111
0000000111010110
1111111110010011
0000000000111100
1111110101001011
1111100110110000
1111110111101100
0000001011001111
0000000100100101
1111111110010011
1111110001111110
0000010100100010
1111100111111010
0000000100010011
1111100111101010
0000000100110111
1111111000000010
0000001000001011
1111111101101010
1111111000101010
0000000000001101
0000001010001000
1111111101100000
1111111111000111
0000000100011101
1111100110010001
1111110101101110
1111100010111100
1111111100000101
0000000101010101
0000001010101101
1111111111100011
1111111000101011
0000001011101001
0000001001011001
0000001010000000
1111100111100101
0000001001010000
1111110110101100
0000110000010000
1111100010000001
1111110111110110
0000001001001011
0000001000000111
0000010111010111
1111111110100001
0000010101111110
0000000010011001
0000001101011011
0000011100001110
1111110111001001
0000001001001011
0000001100011111
1111110100001111
1111110101111000
1111101011101010
0000000110000100
1111110001110110
1111111100001001
0000001101100010
0000010101011100
0000010010100001
1111111001001100
0000001100110001
0000010011011000
0000001000111111
0000001100001011
0000001111011101
1111110101110101
0000010010001111
0000000010000011
1111111000100100
1111110110010111
0000011010011010
1111110011111011
0000011100010000
0000010010100001
0000000101111010
0000010100110110
0000000100101000
0000010001110110
0000000000100110
0000011010000101
0000000100010101
1111101010011111
1111101100100100
1111111101101110
1111111100110011
1111101101100010
0000010011110110
0000000001010011
1111110100100111
0000011110100110
1111100010100110
0000000011011101
0000000000000100
1111110101100001
0000010110101000
0000000100110000
0000000101000000
0000001001001001
0000000001001010
1111101111001000
0000010000011010
0000001110001110
1111111110100001
0000001101110000
0000001010001000
0000010001011110
1111110010111101
0000001111010111
1111110101110001
1111111011000000
0000001000111001
0000011001000101
1111101010001011
1111101110010111
0000001011110001
1111101101100100
0000001001101100
0000010000110100
1111100111100000
1111110110010111
1111101011010110
1111101111001101
1111111010100001
1111101101010011
1111101110111111
0000000111101110
0000001010100001
1111110110110001
0000000110010100
1111111011000100
1111101111011001
0000010010001100
0000100100001101
0000000100110000
1111100000011011
0000011001011110
1111111001110000
1111111000011011
0000001011111011
0000000110011010
1111111000100001
0000000101000100
0000000000111000
0000000100101111
0000001010001110
1111101111100010
1111110111111101
1111101110110011
0000010000001100
1111101110011101
1111100101101101
0000000001111001
1111110010111110
0000011100011001
1111100110110010
1111111100010011
1111110101101101
0000010010110100
1111110000011011
1111110110010010
0000001101001111
1111111001011010
0000000011000001
0000001010001101
1111101100110001
0000010010011011
1111111100100100
1111001101011101
0000011011101111
0000001000001001
1111110000101000
0000010001000111
1111100011110110
1111110110000110
0000000001010000
1111110000111100
0000001010001011
1111110111110111
1111110011110110
0000001100000100
1111111101100011
0000001010111001
1111110011111011
0000011010001111
1111110001101001
0000010011100110
1111111100011110
0000000011100000
1111111110011010
1111110100010010
1111100001111111
0000001110110101
1111110101100111
1111110111010110
0000001110110110
1111101111111110
1111111100101101
1111111101011011
1111101100101011
0000000111001000
1111111110001110
0000010001011101
0000001011000110
1111100110011100
0000001010010111
1111101000010010
1111111101000010
0000011001000010
1111100000001001
1111110011110001
0000010111011111
0000001100000111
1111110100001000
0000100011001100
1111111011001111
0000010011000011
0000001000010001
0000001100001100
1111100111110100
0000100101100001
1111110001111011
1111110001000101
1111111110100111
1111111100000001
0000000011110001
1111101101100101
0000000101010110
0000010101010011
0000010010110000
0000000000111010
1111110100110111
0000011010000000
1111111101111011
1111111000111000
0000000100110000
0000000001111110
1111110100011101
1111111011011101
0000011010100100
1111110110011001
0000000100101101
0000010111010110
1111111101000111
0000001101011110
0000001100000100
0000001010000111
1111111011001010
0000001110101000
0000010100000111
1111101010010110
0000000000001001
0000000100100111
1111110011101010
0000010101010100
1111110110001001
1111100111011010
0000001110101110
0000011000111100
1111011110000101
0000010000010110
1111111100001011
0000000001111001
1111111011101001
1111101100010110
1111111010000100
0000000010011110
1111110011100111
1111101100010001
0000010001110101
1111100010110011
0000011011000101
1111111010011000
1111111000100000
0000001111000100
1111100111001101
0000000000010101
0000011110100011
1111101001111011
0000010011101001
0000000001111110
0000001010011101
0000000011011011
1111111100110000
0000001101001100
0000011111111110
1111110111010110
1111110111001101
0000001010100010
1111110011101011
1111101011001011
0000000101111100
1111100111010011
0000010111001101
1111101001011101
1111101010111110
1111110010100111
1111111011111100
1111110110101001
1111111101111110
1111011101001000
0000001001001001
1111111101011110
1111100000101011
0000000001110011
1111111010101010
1111100111011000
0000000101001110
1111111110010010
0000000001111110
0000001010100101
0000000000111010
0000000111100100
0000010011100101
1111111100011110
1111110110111001
0000001101101011
0000001100010001
1111111010100100
0000100000011001
1111111001100000
1111011110101100
0000001100001101
0000001001010101
0000000010101101
0000001100000000
1111110111011110
1111111111011001
1111101101101010
0000010010101000
1111110101011010
1111101100001111
0000000110011011
1111101110010001
1111111110001101
0000000011101010
1111111110001111
0000000011111001
0000000010111110
1111111100011100
0000001100010001
1111111011001010
0000000000010110
1111110111100011
0000010101110100
0000010101000010
1111101100000000
0000100100101011
1111111110110011
0000000000100011
0000011110001001
1111111101000111
1111101100010111
0000001111111010
0000000000000000
0000000010010011
1111110110100111
0000000001111010
1111110011010100
0000001111110000
1111101111001010
0000011000110101
0000001010001000
0000011000001110
1111110101001101
0000100110010001
0000000101010110
0000010011110110
1111111000101111
1111110100000010
0000010101010010
1111111100010110
1111100001011100
0000010010101011
1111111011001011
1111111100111101
1111111101001011
0000001111111011
0000001011100100
1111110000010111
0000010110010110
0000011011001101
1111011010110101
0000011000010001
0000001001100000
0000010000101110
0000010000001000
1111111111100100
1111111000011110
0000000001111101
0000010000111000
0000011100100101
1111110000110011
0000011100000010
1111110011011101
0000100100000010
1111110101110010
0000000100000010
0000000111011000
0000000110011101
1111110111101000
1111111001110101
0000001011000010
0000000000100011
1111111010110011
0000001000110101
1111110100101110
1111111100000110
0000000100000001
1111110110110101
1111111100011011
0000001001111011
1111111101111111
1111101111010001
1111111100101110
0000001101111110
0000000110100000
0000010111111111
1111111101101100
0000000010100000
0000000100110100
0000011101010011
1111101010100010
0000011101010110
1111110100110000
0000011110111101
0000000100000010
1111111010100011
1111110010011111
0000000101011001
1111111100010011
1111110110011101
1111110110001000
0000000111110100
1111110010001011
0000000011000011
0000000101101010
0000010101011000
1111110000001110
0000001100111011
1111100010010001
0000000111001001
0000001100000001
1111101011111000
0000000110010010
1111111011101110
1111111010110100
1111101101000111
1111110001110111
1111111110010000
1111110010101001
1111110111100110
1111111011101011
0000001010100011
1111011011010111
0000000010100010
1111111011100000
0000001001100010
1111011100011010
1111111001100100
0000000110101111
1111111011011110
1111101110100111
0000010000010101
1111111001001001
1111111100001011
1111101110100001
0000001111111110
1111100000101000
0000001111100101
0000000100000110
1111111111110111
1111100111110101
0000000000111110
0000001010110101
1111100111010100
0000000000111101
1111110110111110
1111111011110000
1111101111011001
1111110111001111
0000000000111000
0000011001110101
0000001010011110
1111110101111001
0000000000010000
1111111000001110
1111111111101100
1111111111000101
0000000000000010
1111101110100001
1111111111000000
1111110001001100
0000000000110100
1111110000100001
1111110001011110
0000001101100011
1111100111000110
1111011111110111
0000010001010000
1111011110000111
0000001100011101
1111111010110101
1111111101100100
0000000101100001
1111110001001011
1111111100000101
1111111101011010
0000010000000111
0000010010000010
1111111011110001
1111110010101011
0000000111000000
0000101000011110
0000000101000011
0000001000111001
1111101100011011
0000010111000101
1111110111000100
1111101111011101
0000000111110010
0000000101101001
1111111101100101
0000000110100000
0000010001110111
0000010010100010
1111111111011010
0000000111111110
1111101011010100
0000000100111011
0000000010100100
1111100000011101
0000001001000110
0000001100010010
1111111010100000
0000001001000010
1111111101010000
1111111101101001
1111110110110000
0000001100011110
0000000101110100
0000010101101100
1111110011110100
0000000000111111
1111101100100010
0000010000110011
1111111101001010
0000000110100000
0000010101000000
1111111000110101
1111111010010101
1111110011000101
1111111111100001
0000000001111100
0000000001101010
0000000100100001
1111111100010101
0000011110001000
1111100010000010
0000000111010111
1111110001010101
0000000000101011
0000000000100100
0000010000100100
1111111010000000
1111101000000010
0000001000101001
1111111100001100
0000000111110111
1111101110001000
1111111111111101
0000001101011110
1111010111001100
0000010110011001
1111101110000101
1111111110001101
1111100101110110
0000010000111110
0000100010000011
1111101011010100
0000000000101111
0000001101010010
1111110000100011
0000000010101001
0000000011111010
0000010101011100
1111100111011001
1111101101010000
0000100000000100
1111101110101000
0000000001010000
1111110000000011
1111110111100011
0000001111110100
1111111011110011
1111110001010010
1111111101011010
1111111110110001
1111100011111100
0000000000110110
0000011000100110
1111111000000000
1111111010100000
1111111101110100
0000001110101110
0000001110011100
1111101100010101
0000001010111010
0000001010011101
0000000011100011
1111111010110001
0000000110010011
0000001000011011
0000000010000011
0000001110100111
1111100010101100
0000100111000111
1111101000010011
0000000000000111
1111110110001011
0000001011000100
1111111111100100
1111111011101001
1111101100101010
0000001010101001
0000001111101101
1111101111111101
0000000110101001
1111110001111100
1111111100000011
0000000110100100
1111100000001100
0000010101111001
0000001000011010
1111101010111000
1111110111000111
0000000011101110
0000010110111011
0000001010111100
1111111011100000
0000000101100000
0000001101110000
1111111000100010
0000011011000010
0000111010111011
1111111101000111
1111111010100111
1111110011110111
0000010000111010
1111111110011100
0000000001111110
1111100011001010
0000000011011010
0000000111001100
1111100101111110
0000000110111110
1111101100001101
1111110101000011
1111111101110011
1111101111110100
1111111110100100
1111101000111100
0000000110001100
1111111110001011
1111110001100010
1111111110011101
1111110000110110
1111111011101110
1111110110000011
0000101001101000
1111111101110011
1111111111111100
1111101011011010
0000010010010000
0000010101000010
1111101001100111
1111111111100111
0000000000111000
0000001010101001
1111101000111111
1111111001011100
0000011100011010
1111011000111100
0000001000110100
0000000101110101
1111111000101001
0000000011000101
0000000110011010
1111101110100100
1111110001100110
0000010101110011
1111100010100010
0000000100111100
0000000110001101
1111100010100101
1111111001111111
1111111000001100
0000001100111100
1111101100000001
0000001000010110
1111111001110011
0000010001111101
1111110110001100
0000001000111001
0000001001001110
1111111001111011
0000001110010100
0000000110000101
0000010101101110
0000010111101011
1111111000110001
0000001011111100
1111100110100111
0000010001110001
0000000101111000
1111111001111100
0000000011100100
0000001010101110
1111111000000000
1111100111001010
0000001011110101
0000000110011111
1111111000111000
0000001100111110
0000010000000001
1111110010110101
1111111010001100
1111011011111001
0000000011110001
0000000100000101
1111111110111001
1111100111100111
0000000100110000
0000001000111100
1111110111011010
0000010110110110
0000000000000000
0000000000111111
0000100001010010
0000010011101110
0000000000001010
0000011001100100
1111100111100110
0000000100111100
0000001011000010
1111111000010010
0000001100110101
1111111100000111
1111110101011001
0000000101111100
1111110110111100
1111111100001111
0000000101111101
1111111000111001
1111110111001001
1111110100111010
0000001000011010
1111101001101100
0000001100011111
1111011111001101
0000001010100100
1111111111110001
1111111010011011
0000010000100110
1111111110101110
0000010111110101
0000011100110010
1111111001011000
0000001100001110
0000011100011011
0000010011000011
1111110001000111
0000011000111011
1111100100000011
0000001101110111
0000010001001011
1111111100110001
0000011101111010
1111100100101110
0000010001101010
0000001000000011
0000010000101100
1111111110011101
0000001001110000
0000011001111111
1111110101101111
0000000111010101
1111110111110010
1111110000110100
0000010010010101
1111111001111100
0000001101001100
1111111100100101
1111110110111110
0000101000010101
1111110111111100
0000010011111101
1111110011111101
0000001001111000
1111110110010100
0000011101111001
1111100001011010
0000001010000100
0000011011010110
1111111100000100
0000001001101100
0000010010100000
0000001111010001
0000000110110110
0000010010110010
1111111010000001
0000001001101110
0000001010011110
0000001110111101
1111111000001000
0000001011000111
1111111110101101
0000001000101000
0000000001110011
1111100110101111
0000010101101101
0000000011000001
1111111100100010
0000001010100010
0000000000111011
1111100010001101
0000010101111010
1111110101001010
0000010010011100
1111100101101011
1111111110100110
0000001011000011
1111111110110101
1111101011111011
0000011010000010
1111111100011110