1111111111111011
1111111000000101
0000000011001101
1111110011011100
1111111000001111
0000000001111110
1111111010000100
0000000001011010
1111111001000010
1111111010011100
0000000101000000
1111111000000101
0000000010101011
0000000000101101
0000000000110110
1111111111000001
1111111001110010
1111110111101110
1111111111001100
1111110111110010
1111110100000001
1111111100110001
0000000001010000
1111111111110000
0000000001000100
0000000000000100
0000000000000000
0000000000000000
0000000100110100
1111111100011111
1111110110011111
1111110011010110
0000001011011011
1111111101001110
0000001000000000
0000000110000110
0000000010100101
0000000101000100
1111111110111110
0000000000010001
0000000101001100
1111111111110001
0000000111001110
1111111101110100
0000000011100100
0000000000000000
0000000000100100
1111111111000100
0000000000001100
0000001100110010
1111111110110000
0000001011010100
0000001100000000
1111110101011111
0000000000011100
1111111111000000
1111111111100000
1111111111101100
0000000000000000
0000000000000000
0000000000000000
0000001011001010
1111111100101000
1111111101010101
1111111100100000
1111111100100011
1111111011011001
1111110111000010
0000000111101111
1111111111000100
1111111011011010
0000000001000110
1111111101101000
0000000001110110
0000000010011000
1111111010101100
1111111101000010
1111111101000000
0000000110011101
1111111110101011
0000000101000000
1111111100110010
1111111101000001
1111110011001111
1111111101100001
0000000010010100
0000000000001000
0000000000111100
0000000001011000
1111111110100100
0000000000000000
0000000000000000
0000000000000000
0000000000000111
1111111110110011
1111111110000010
1111111111101001
0000000011111101
0000000110011110
1111111110001101
1111111101111100
0000001010101000
1111111101111000
0000001001001011
1111111110111111
1111111101011110
0000000000101101
1111111110010100
0000000000000000
1111110111100000
0000000000010010
1111111111011010
1111111101100111
0000000011011010
0000000011000111
0000000000111110
0000000000101101
0000000111011101
1111111111010100
1111111110111000
0000000000010100
1111111111010000
1111111110100000
0000000010100000
1111111111100000
0000000011101010
1111111111100101
1111111111010110
1111111010111110
0000000001110011
0000000010001010
1111111101011111
1111101011111100
0000000011101110
1111110111100000
1111111101101110
1111111100101001
1111111111001010
0000000000111111
0000000001011010
0000000000000000
0000000000100100
1111111011000101
0000000100100101
0000000010110110
1111110101001001
0000000001010101
0000000011011011
0000000000010101
1111111011011001
1111111111101100
1111111111101000
0000000000011100
0000000000101000
1111111100001000
0000000000111000
1111111110000000
1111111111000000
0000000100011100
1111110111100100
0000000000000000
0000000000000000
0000000000000000
1111111111010000
0000000110100100
0000000000110100
0000001001000010
0000001011110000
1111110011110010
0000000000000000
0000000000000000
0000000000000000
0000000000000000
0000000000111000
1111111110100110
1111111101000011
0000000101101110
1111111111011110
1111111010000001
1111111110000010
0000000000100011
1111111110101100
0000000000000000
0000000000000000
0000000000000000
0000000000000000
0000000001010000
0000000000010000
0000000001111000
0000000010110000
0000001010001101
1111111101000011
0000000000000000
0000000000000000
0000000000000000
1111111110000100
0000000010000110
1111110111010010
1111110110010100
0000000000110000
1111111001100010
0000000000000000
0000000000000000
0000000000000000
0000000000000000
0000000011100100
1111111110010000
1111111011010100
1111111110101100
0000000100001110
1111111101001101
1111111111010110
0000000000110001
0000000001000110
0000000000000000
0000000000000000
0000000000000000
0000000000000000
0000000000001000
1111111110101000
1111111101110000
0000000000101000
1111111010010010
1111111111001010
0000000000000000
0000000000000000
0000000000000000
0000000000101000
0000001010011110
1111111101101000
0000000001100100
1111111111111010
0000000110011010
1111111101010110
1111111111110110
0000000000000000
0000000000000000
0000000000111000
0000000010010100
1111111110101100
1111111111010100
0000000001111100
0000000001111000
1111111101000000
0000000101000000
1111111111000000
0000000100010000
0000000000010000
0000000000000000
0000000000000000
0000000001110000
1111111111011000
1111111111010000
0000000000111000
0000000000110101
0000000100101001
0000000011011100
1111111111010100
0000000010111011
0000000000001111
1111111110011000
1111111110101100
0000000011110000
1111111100000110
0000000100101010
0000000001010000
0000000000110010
1111111001011100
0000001010111100
1111111101110100
0000001001010011
0000000000100011
0000000000000000
0000000000000000
0000000000000000
1111111000010000
0000000001110000
1111111111000000
1111111001000000
1111111111110000
1111111011110000
1111111111110000
0000000000000000
0000000000000000
0000000000000000
0000000000000000
1111111010000110
0000000010000111
1111111101100111
1111111101000010
1111111110101000
0000000000000001
1111111111100110
0000000000101010
0000000000100100
1111111111110110
1111111110110010
1111111100100100
0000000011100110
1111101111000011
0000000011110101
1111110111110100
1111111010101100
1111111101011101
1111111111001101
1111111111111101
0000000000000000
0000000010100000
0000000000100000
0000001011100000
0000000011110000
1111111110010000
0000000010000000
0000000001010000
0000000000000000
0000000000000000
0000000000000000
0000000000000000
0000000000000000
0000000000000000
0000000001011110
0000000011101011
0000000011110010
1111111100000011
1111111011010100
0000000110000110
1111111111010010
0000000101110110
0000000010001010
1111111111001110
0000000001111000
0000000101011110
1111111111110010
0000001011110110
0000001011010001
1111110110000010
0000000000011111
0000000000001111
0000000000000000
0000000000010000
1111111011100100
1111111110000100
1111111100011100
1111111100011001
1111110111011101
0000000101100100
0000000000000000
0000000000000000
0000000000000000
0000000000000000
0000000000000000
0000000000000000
1111110011010011
0000000010100100
1111111110001101
1111111101110010
1111110111010010
0000000001111110
1111111001010100
1111111110100010
1111111111100010
1111111110111010
1111111110011100
0000000000100011
1111110110100110
1111110110011101
0000000000111001
1111110111110111
1111111110011011
1111111110110101
0000000011110000
0000000010110000
1111111101100101
0000000101001111
0000000000111100
0000001000111000
1111111111100011
0000000011111100
0000000000000000
0000000000000000
0000000000000000
0000000000000000
0000000010010000
1111111100010000
1111111011011101
0000000100000110
0000000010011101
0000000010100000
0000000010110100
0000000000100100
0000000100001110
0000000110001100
1111111001100010
0000000000000000
0000000000000000
0000000111101010
1111111110010111
1111111011000001
0000001001000111
0000001000000110
1111111111111010
1111111010111010
0000000001010100
1111111101000000
0000000001011010
1111110111011110
0000001011001011
1111110010110110
1111111011111101
1111110101100011
1111111011001111
1111111101010010
1111111011100010
1111111111110000
0000000101110100
1111111110101100
1111111111011010
1111111011011110
1111111100100100
0000000011100110
0000000000010010
1111111100111010
1111111010111100
0000000001011010
1111111100101000
0000000000000000
0000000000000000
0000000000000000
0000000000000111
1111111011111011
1111111010111111
1111111111001101
1111111001011001
0000000000011010
0000000000011000
0000000010110100
0000001000001001
1111111001000101
0000010101011001
0000000000100110
0000001111000010
0000001101100110
0000000100111101
0000000101110000
0000000011000110
0000000001010000
1111111110001000
1111111111101000
0000000001101110
0000000010110100
1111111111001110
0000000001111000
0000000101011100
1111111100000110
1111111110110100
1111111111110110
0000000010101100
0000000000000000
0000000000000000
0000000000000000
0000000001100010
0000000111110011
1111111110001000
0000000110100111
0000000110010010
1111111101101100
1111111101111100
1111111100101000
0000000010110010
1111110110100111
1111111011000000
1111111010001111
1111111100010010
1111101100101011
0000001101010110
1111110111100101
1111111111100010
0000000101110000
1111111111110100
0000000010000100
0000000110000110
1111110010000111
1111111111010101
1111111111110100
1111111010010000
0000000001000000
1111111010000010
0000000000100010
0000000000101000
0000000000000000
0000000000111100
1111111110011100
0000000000010100
1111111100101001
1111111101110001
1111111001111010
1111111100001010
0000000101011110
1111111111001000
1111111110100111
0000000100000101
1111111110001111
0000000100000110
0000000000100100
0000001101001001
1111111000011100
0000010011001100
0000000001100001
0000000110011011
0000000011010011
1111111101011000
0000000000111100
0000010001000000
0000000010111000
0000000110111001
0000010000100010
1111111100101110
0000000111010000
0000000001111000
1111111111100110
0000000010111000
0000000000000000
0000000010011011
1111111111011101
0000000001010000
0000000010100110
0000000010000001
0000000011000000
0000000000011111
0000000100000101
0000000000010000
0000000000001000
1111111101011001
0000000001110110
1111110110101010
0000000011110010
0000000101000100
1111101110001110
0000000010010001
1111110111110011
1111111010011111
1111111100000100
1111111101001100
0000000100101100
1111110100111010
1111110010110010
0000001001100011
1111110010110100
0000001001101100
1111111001010110
1111111100001100
0000001010011010
0000000001100000
0000000000000000
1111111100000010
0000000101001010
1111111101000001
0000000000111111
0000000010111010
0000000010011000
1111111110011000
1111111101110010
1111111111110001
0000000010101010
1111111011010001
0000000010001011
1111111011111001
1111111100111001
0000000000010010
1111111101010011
0000000110001000
1111111010100001
0000000111101010
1111110010100100
1111111000010111
0000000001101001
0000001001110001
1111111111110111
0000001011011100
1111110110100010
0000001000001010
0000000101000100
1111111100011010
0000000010000000
0000000001010000
1111111111100000
1111111001110100
0000000010110110
1111111011001110
1111111101111011
1111111110100111
1111111111100000
1111111111101011
0000000000001011
0000000011000110
0000000010111111
1111111110000100
0000000010011101
0000000001101000
1111111110010110
0000000100111110
0000000000001101
0000001110001110
1111111010011011
0000001000100001
1111111110010111
0000000100001110
0000000000011110
1111111110001011
1111111101001101
1111111011101110
1111111010001100
0000000000010110
0000000110100100
0000000010001110
1111110001101100
0000000000111000
1111111110000000
0000000000100100
0000000000010011
0000000101000101
0000000101011011
1111111010000011
0000000001011000
1111111110010110
0000000000000101
0000000111010111
1111111011110000
0000000011000110
1111111110001000
1111111001011011
0000000000110010
0000000001001110
0000000010111001
1111111000001100
1111111011001110
1111111100101100
1111111010001010
0000001000110111
1111111101011011
1111111111000100
0000000000000000
0000000000000000
0000000000010000
1111111101010000
1111111011100000
0000000001010000
1111111100001100
0000000011101100
0000000001001100
0000000101111100
1111111010011000
1111111011010010
0000000000101001
1111111011101100
0000000000010100
1111111111010000
0000000000000000
1111111101101010
1111111111010010
1111111111001111
1111111111010110
1111111110010101
0000000111001000
1111111101100100
0000000011011000
0000000100101001
1111111101011000
0000000111000101
1111111110100110
0000000111110010
1111111110110101
0000000000110010
0000000000000000
0000000000000000
0000000011100000
1111111110110000
1111111110100000
0000000001110000
1111111101010011
1111111110101101
1111111100111000
0000000010100110
1111111101111010
0000000010001100
1111111101001111
0000000010100110
1111111100100101
1111111111110111
1111111111111110
1111111111110001
1111111111000101
0000000101011110
0000000000010101
0000000010111100
1111111110001010
1111111111101110
1111111111000100
1111110111110110
1111111110100000
0000000010010000
1111111101011000
1111111100010000
0000000000000000
0000000000000000
0000000110001100
1111110101101100
0000000010000100
1111110111001111
1111111111011111
0000000000000000
0000000110110110
1111110111001100
0000000011100111
1111111110011000
1111111100010001
0000000110110011
1111111111010101
0000000011100010
0000000010011000
0000000001011011
0000000000001010
1111111100101110
0000000001001011
0000000001011010
1111111110010111
1111111101110110
0000000001111000
1111111011001110
1111111111010000
1111111111101110
0000000010110100
0000000000000000
0000000000000000
0000000000000000
0000000000000000
0000000000000000
0000001111111111
1111111100011001
0000001000010000
0000000100001000
0000000010100101
0000000000000000
0000001000111001
1111111101000101
0000000001000010
0000000101011101
0000000011011110
1111111000100011
0000000000000001
1111111001001111
1111111010001100
0000000100101101
0000000000101110
0000000000000000
0000000000000000
0000000000000000
1111111101000000
0000000111101000
1111111110000100
0000000011001000
0000000001100100
0000000001111000
0000000000000000
0000000000000000
0000000000000000
0000000000000000
0000000000000000
0000001000101000
1111101100011110
1111111111100110
1111101111110011
1111110011001100
0000001111000011
0000000000001100
1111111111100110
1111111110101011
1111111000010001
1111111001101010
0000001101101110
1111111100111101
0000000101010100
0000000110000100
0000000000010101
0000000010101010
0000000000011000
0000000000000000
0000000000000000
0000000000000000
1111111000010000
0000000001110000
1111111100000000
1111111110000000
1111111110110000
0000000000000000
0000000000000000
0000000000000000
0000000000000000
0000000000000000
0000000000000000
0000011011100010
1111110001101101
0000001101000111
0000001010100110
1111111010110001
0000000101010000
1111111100101011
1111111111100101
0000000100011010
0000000101000100
1111111110001000
0000000010110111
1111111110010100
1111111100110110
1111111101011100
0000000010110111
1111111101011100
1111111111101100
0000000000000000
0000000000000000
0000000000000000
0000000010100000
0000000000100000
0000000011110000
0000000101100000
1111111010010000
0000000000000000
0000000000000000
0000000000000000
0000000000000000
0000000000000000
0000000000000000
0000000110011000
1111110100010010
0000000000101011
1111111011100001
0000010000111100
0000000001001110
1111111100110100
1111111100110001
0000000001011010
0000000001101111
1111111101100001
1111111100001010
0000000010010011
0000000010110100
1111111111000100
0000000010010000
0000000000000000
0000000000000000
0000000000000000
0000000000000000
0000000000000000
0000000000010000
1111111101010000
1111111011100000
0000000001010000
1111111101000000
0000000000000000
0000000000000000
0000000000000000
0000000000000000
1111111001011100
0000001010111100
1111111010111010
0000000111000010
0000000110100100
1111101111010100
0000001111000010
1111111110110101
1111110100011110
0000001101100011
1111111101111100
0000001001011011
0000000000010010
1111111101000110
0000000001010001
0000000001100110
1111111110101100
1111111110001000
0000000000000000
0000000000000000
0000000000000000
0000000000000000
0000000000000000
0000000011100000
1111111110110000
1111111110100000
0000000001110000
0000000010100000
0000000000000000
0000000000000000
0000000000000000
0000000000000000
1111101110101011
0000000100011101
1111110101100000
0000000111101010
0000010000000100
1111110111011101
1111111111100011
0000000011111010
1111110001001100
0000000101010011
1111110111110000
1111111101011000
1111111010111011
0000000000100000
1111111101111000
1111111111111000
0000000000000000
0000000000000000
0000000000000000
0000000000000000
0000000000000000
0000000000000000
0000000000000000
0000000000000000
0000000000000000
0000000000000000
0000000000000000
1111111101111100
0000000011011100
1111111111010100
0000000010111011
0000000000001011
0000000100100000
0000000001010100
1111111001111000
0000000000010000
0000000011000100
1111111001111110
1111111011110101
0000000000100010
0000000100001011
1111111111101000
0000000111101111
0000001111001110
1111110011010001
0000000010000000
0000000001000000
0000000000101000
0000000000000000
0000000000000000
0000000000000000
0000000000000000
0000000000000000
0000000000000000
0000000000000000
0000000000000000
0000000000000000
0000000000000000
0000000000000000
1111111010101011
0000000001001101
1111111101010000
1111111110101000
1111111111001001
0000000000110111
1111111010000011
0000000000000000
0000000000101000
1111111101001000
0000000101111100
0000000010000100
0000000000000000
0000000001010101
1111110111111100
1111110110100101
0000000001010101
1111111001100100
1111111110001000
1111111101010000
0000000010111000
0000000000000000
0000000000000000
0000000000000000
0000000000000000
0000000000000000
0000000000000000
0000000000001100
1111111111101100
0000000000000100
1111111111101111
1111111111111111
0000000001101110
0000000000010110
0000000010100101
0000000011110010
1111111100000011
0000000111101100
1111111100111011
1111111100011100
0000000110000000
1111110110011000
0000000101101011
0000000000111110
1111111100010001
0000001000001110
1111111110100011
1111111101100111
0000000011011111
0000000110100010
0000000010010000
1111111111011000
0000000001100000
0000000001101100
1111111101001100
0000000000100100
1111111101100111
1111111111110111
0000000000000000
0000000000011111
1111111111111001
0000000000010000
0000000000001000
0000000000000101
0000000000001011
1111111110000111
1111111100111010
0000000000110111
1111111101111100
0000000000011100
0000000010101010