1111111100101101
0000001111100110
1111101111011010
1111110101000010
0000001011000111
0000000001000101
0000000010010010
1111101101011001
1111111001011011
0000010110110000
0000000011001001
1111111110110101
0000000001010111
0000001000101110
1111110101011001
0000001110011000
1111111101110111
1111110100101110
1111101100011110
0000010001001100
1111111111101000
1111111100101111
1111111010101100
1111111100110010
0000000000001000
0000000111010101
0000011010001110
0000000101010110
1111111001001100
0000000000111101
0000010001110111
1111101001010010
0000000101111111
1111110011100011
1111110011001010
0000011001010001
1111111010101011
0000000100111100
1111100111000010
0000010000001010
0000010001010000
0000001101001110
0000000111110101
1111111000100100
0000000000000000
1111111111101100
0000000010110010
1111111101010011
1111110111100100
0000011000010011
0000001101101001
1111111111001010
0000000001111010
0000000110000110
0000000000100111
1111111111000110
0000011000101111
0000000000011101
1111110101101001
1111011011101001
1111101111110101
0000000010011100
1111110101101010
1111111000001000
1111101110100010
0000000011100100
1111111111111101
0000000000111010
1111110111110110
1111101001110111
0000001011010001
1111111111100010
1111111111100111
0000000000111000
1111101010111111
0000011111011111
1111111010010011
0000000111110000
0000001000100011
1111110110100101
0000001101100100
1111100011011011
0000000100111000
1111111001110000
1111110110110000
1111110100001010
0000000111101101
0000000100100101
0000001010101000
1111111000100100
1111101011010000
0000011110010011
0000011110011000
1111100110000001
1111111011000111
0000000001110001
1111111111100001
0000000000001011
1111111110101111
1111111110011010
1111111001110101
0000010000111010
0000001010011001
1111111011100111
1111111000100110
0000001000011010
0000001100011111
0000100010100100
1111011100000111
0000000111000000
1111101011111010
1111110101101000
0000001001101111
1111110111010010
0000000011001010
1111110111101011
0000000100010101
0000000000010111
0000010000110100
1111111100011010
1111111110100010
1111111111111011
0000100011001000
0000000001000010
1111100101010000
1111110101001111
0000001100001000
1111110011100111
1111110100111000
0000000111001110
1111111011110101
0000000001010101
1111111101100101
0000010001110101
1111111001101000
0000000110000111
1111111111110001
0000001101100111
1111101001001111
1111110111010000
1111111011110010
1111110100100110
0000011000111111
1111110111111011
0000000110001100
0000000001110111
1111101110110101
0000010000000111
1111111010010010
1111101101111000
0000000100100000
1111100100110010
0000000101111001
0000000000001100
1111101110001101
1111110110101011
0000010100001111
1111101011110101
0000000110111100
0000001100111100
0000001000001111
1111111011011111
0000001011110011
1111111010110100
0000000001011110
1111111111011110
1111110010111001
0000100101001100
1111101011101110
0000001110010001
1111111100000011
0000010100011000
0000000101111001
0000000110010111
0000000110011100
1111101100011101
0000011001010100
1111110010010100
0000000110010110
1111111101011110
1111111101011011
0000010011011010
0000001001111110
0000010000100000
0000000110010000
1111111101111110
0000000111011111
1111111100110001
1111110101110110
1111110001010100
0000010001111001
1111101011110110
1111101110100011
1111110010111011
1111101001111110
1111111111111111
0000010000110001
1111111101001000
0000000011101000
1111110111100000
1111111110010011
0000001111110110
0000000001011001
1111101000101010
0000001000010100
1111110000110010
1111111110111100
0000000010101011
1111110101111001
1111111110100100
1111110011110100
0000000011001101
1111111001110100
0000000000110011
0000000101010111
1111110111111010
1111111110001000
0000001111111100
0000000110011101
1111101101010111
0000010000111110
1111111100111000
1111111001100001
1111111010100111
1111111110010001
1111110100001111
0000010110111010
0000000110100011
0000000111110011
0000001111111101
1111100101011111
0000000010001111
0000000000010000
1111101100000101
0000001101111110
1111101011001010
1111111101000000
1111101111011001
0000010101010011
1111111010101111
0000000010110101
0000000111110010
1111110101111111
1111110110100010
0000000010111010
0000000010101101
0000000100010011
0000001001100100
0000011011111001
1111101100001010
1111111111011111
0000010100101100
1111110111011001
1111111011111010
0000000110000100
0000001111111101
1111111010100100
0000000011100100
0000000000000011
1111100110001010
0000000000110011
1111101011001110
0000011101111011
1111110010011010
0000011010010011
1111110111101001
0000001111110110
1111110101101111
0000000001000011
0000001111001011
1111110101111111
1111111000101101
1111110100111110
0000000010000001
1111111001010101
0000000110100011
1111111101111110
1111011111000100
0000011100101100
1111110110101100
1111101111001110
0000001101100010
0000011000001010
1111011011010100
0000001011010101
0000100110101111
1111100101110011
1111111110111101
0000010000111011
1111111010000001
1111111001100010
0000000111000000
0000000101110100
0000000011010100
1111111010111111
1111111010100110
0000000010101100
1111100111010101
1111110101001011
1111111111011100
0000001101001100
1111010010010001
1111110000001111
0000011011001000
1111101110111110
0000001100000011
0000001011010001
1111111110011110
1111111100001110
0000001101110110
0000000101100010
0000001011001010
0000101000010010
0000000110110110
1111010111000001
0000010011101011
0000001110110011
1110111100001010
0000010000010001
0000000111100011
1111101001110100
1111101001010100
0000010010111110
1111111100001101
1111111000010001
0000000000110110
1111111111000000
0000000001101001
1111110111100001
1111111101100010
1111110111000101
0000010001010101
1111010111111011
0000100001010001
0000000010001011
0000000100001100
1111111100011000
0000000110000011
1111111111100110
1111101101101110
0000001001101000
1111110100010100
0000000110011101
1111111011111011
1111011101100001
1111110011100011
0000100011000110
1111101101110010
1111100011011100
0000001101101101
0000001100100101
1111110010101001
0000000000111000
0000000010011001
0000011001111010
0000000011010101
0000000011011100
0000000001011110
1111110010010110
1111111110100111
1111110101011111
0000001110100100
0000001101111101
1111101000101111
1111011111000100
0000100101011010
1111001010101100
0000001101011101
1111110101000110
0000001011110000
1111111011101100
1111111010100111
0000010010010111
0000001100011011
1111111110001011
1111111011101010
0000100101101010
0000010000111001
0000000111011111
1111101111110010
0000011000010110
1111111010100010
1111101100000000
0000010110101100
0000000011100010
0000000101101110
1111111001000010
0000000010011000
1111111000100100
1111111010000011
1111111011110101
0000100001111111
1111110000010100
0000001100101000
1111010000111111
0000000111010111
0000110001010110
0000001001001111
0000001100001100
0000010010010110
0000000101111111
1111101100010110
0000000111010101
0000000101100111
0000001000001101
1111110101001000
0000001100111101
0000000001011001
0000000101011101
1111101011110101
1111111110000111
0000001110100000
1111110101101100
1111111001110001
0000010101010101
0000000011101101
0000000010011101
0000001001111000
1111101001000110
1111111101101001
1111110101110100
0000000100110100
0000001001000110
1111111011101001
1111100111110100
1111111101001010
1111111111110101
0000100110101100
1111111011001111
1111110110010110
1111111101011101
1111110010000111
1111110001010111
0000000111011111
0000000111111000
1111110000011101
0000000000100110
1111111110011011
0000010000101010
1111111010111001
0000000001011010
0000000011001101
0000011110000001
1111100101101101
0000000001111110
0000010111111010
1111101110011010
1111111001001011
0000001110001101
1111101111110100
1111111100000001
0000000100010001
0000001000010110
0000000110110000
1111101101011101
1111110101000011
0000001010100001
1111110101100100
0000101010010100
1111100001101010
1111110001000011
0000000100001101
0000000001101110
0000001101101001
0000100101000111
1111100010000110
1111111101110100
0000000001111011
0000010011100010
0000000110101100
1111110100100011
1111111101010100
0000010010110010
0000001010100011
1111010110011110
0000000110100001
0000000111001111
1111101001010000
0000000000000100
0000010101111111
1111111111101100
0000011000010101
0000100001000011
1111110111010001
0000000000100101
1111101100100001
0000000101000010
0000000101111111
0000000010110100
1111111011110010
1111111000101001
1111010011101001
0000010110001110
1111111000010110
0000000000110010
1111110111011011
1111011011011110
1111111101101010
0000001010100110
1111101100110010
1111111010100101
1111100110010000
0000011001000010
0000011100001111
1111100111100110
1111110001111111
0000001011000100
0000010110111000
1111101001111010
0000001010100110
0000000101001001
1111110101110101
0000000101000101
0000001111000000
1111111000011111
1111110100001000
0000000110001101
0000000010001011
0000010110010111
0000000010100010
0000000111111010
1111110010001110
0000000010010010
0000001011100010
0000000010101001
0000011011000001
0000000010001110
0000000101100001
0000010000100001
0000000100000111
1111111100111010
0000000001100100
1111111101000000
0000010011100100
0000001001010010
1111101000111001
1111110101011011
0000010010011000
1111111100001111
1111110011111010
1111111100011010
1111111101001001
1111101111011001
0000001110111110
1111111110101000
1111100110001001
0000001010011100
0000010000000011
0000011110011100
1111111010000110
1111101011010000
0000001110101000
1111111010001010
1111111100011001
1111111011001101
1111111001011001
0000000011110010
0000001000011011
0000000001100111
1111111010001101
0000000001110011
0000001111111110
0000001110010001
1111111000000001
0000000111001111
0000000001101100
1111100101101001
0000001011100011
0000010011001000
1111110010011100
1111111000110010
1111111110100010
1111111100100000
0000000111000011
0000001100000100
1111111101110010
0000001001001011
1111111110111001
0000001100101011
1111111110011011
1111111011000101
1111100001011111
0000000011001010
1111111000001101
0000000111000001
0000000000001001
1111111001100000
0000001110010100
0000000011010001
1111111101100100
1111110000110011
0000001000001000
0000011010101011
1111101110101010
1111111001101111
1111111010011011
0000001110101011
1111111011001000
0000010001000101
0000001011111101
1111101111010011
0000000011101110
1111110111110101
1111111010110101
0000001000100000
0000000000100010
1111110101011111
0000000111110010
1111111100110000
1111111101100001
0000000000101101
0000000101000110
0000000000000111
0000001000110101
1111111000101110
0000001000001111
0000000100110100
0000001100011111
0000000110010000
1111011011000000
1111110000010100
1111101011110001
0000010100101000
0000001101111000
1111110011111100
1111110011000010
0000010001111110
0000000111100010
0000001100001100
0000001101011101
1111111110111100
1111101000111011
0000010110001100
1111111111111111
1111111100100000
0000001011101111
0000000000100011
1111100100011111
0000011000101111
0000000010011100
1111111000001101
0000001001101100
0000010011100011
1111110010110010
0000001000000101
0000010010111111
0000000101101100
0000000110011101
1111100010110001
1111111110111110
1111111001011001
1111110110100011
1111111110000001
0000001001110011
1111111110011011
1111101111100100
0000000111101100
1111111101100010
1111111110010100
1111111001100011
0000000100011001
1111110111100101
1111101000011001
0000011110110010
1111100001010000
0000000001100110
0000011010011100
1111111000000100
1111110101011010
0000000011010001
0000001010111110
0000000000001110
0000101000011010
1111101110011010
1111110011111001
0000000000111111
0000010000010101
1111110110111011
1111110011001111
0000000000001011
0000000111101001
0000001110010111
0000000011001111
0000010000011100
0000010101110010
1111110001100011
0000000001000011
1111111100111000
0000011011010000
1111111111110011
0000000110101110
0000000110000110
1111111110101100
0000000011000011
0000001111101111
1111011001010010
1111111100111001
0000001101010010
1111100110110111
1111100000100000
1111111100101110
0000010010010100
1111110111101001
0000000101101110
1111011111111010
1111100110110101
0000000100100110
0000001000001010
1111110001011110
1111111111000001
1111101110110000
0000011100110001
1111111001011010
1111101011000110
0000000101010010
0000010010111010
1111100001011110
1111111110101000
1111111100011001
1111111100100000
0000000010000011
0000000110001010
0000000001111100
0000000011000100
1111110111110100
0000010000011001
1111110100100011
0000000010000000
0000001100011010
1111101110100111
0000001100010010
0000011001110100
1111111000110011
0000000011001010
0000000001000100
1111111010000001
0000011101101011
0000010011010111
0000000111011011
1111110101101100
1111110101010100
0000001010100010
0000000011010111
1111111001100101
1111101001000010
0000001111111011
0000001100001010
1111100111011101
0000001001101010
1111110110101100
1111111000001010
0000000010011001
0000000101001100
1111110011011100
1111111011101100
1111111111111000
0000000111100011
1111111100100101
1111110000011101
0000000100011110
0000000000111100
0000001101100011
0000000110100001
1111111100001011
1111110111011010
1111110011101110
1111101110111111
0000010011000101
0000001110011011
1111101010101100
1111110010100111
1111111010110101
0000001100000100
0000000011001001
0000001010000110
1111100010100101
0000100010100010
1111110110100111
1111100110100111
1111111010011000
0000000011110001
0000000010101010
0000001100110011
1111110100111101
1111100001001100
0000001110001111
0000001110100110
1111111000101001
1111111011011110
1111101111111101
1111111101101001
0000000111101000
0000000000100001
1111111000011100
1111111011111100
0000000111110011
1111111111111111
0000000001100000
0000001011011110
1111101101101011
0000001101101001
1111110111000111
0000011000001011
0000011101100000
1111111000010110
1111101111001100
0000001101110110
1111111111100000
1111110100010000
1111011000100001
0000010101111111
0000000011100110
0000000000011011
1111110110010101
1111111111010001
1111110101111011
1111111111110110
0000001010101011
1111110011011111
0000001100000111
1111110011101100
0000000101000100
1111111011010100
1111111101110001
1111100110010010
0000011111000101
0000001001000111
1111111000011011
0000000000100000
0000001111111000
1111110110001111
1111111101101111
0000001111011001
0000010110100000
1111111011000111
1111101011001101
1111111001101110
1111110010111101
0000001000001100
0000000001101100
0000010110001011
0000000010110011
0000001000111110
1111111100001011
0000001101110001
1111111110001001
1111111011010011
0000000011110111
0000000110010110
1111111101110110
0000010000010110
0000000110011100
1111111110110001
1111111000110111
0000000011101011
0000000000111010
0000000111110100
0000000101000011
1111110011110111
0000001101000110
1111111111111111
1111111010011110
1111111101011011
0000000000001101
1111111010000111
0000000101011110
1111111100000100
0000000111100000
0000000000101110
0000000010100101
0000001111010010
1111101011100011
1111111001111111
1111100110000011
0000000000010101
1111111010110000
1111111000101101
0000000100011000
0000000000000110
1111111100100011
1111111010010110
0000001101111101
0000000100111010
1111111001011010
1111110000110011
1111111111111000
1111110110100011
1111100111001110
0000010011011011
1111101101101011
0000010010010110
0000000101000111
1111111111111001
0000001001000000
1111101101011001
0000000010011101
1111111010010011
0000001100010010
0000011100001101
1111101111110000
1111111111010011
1111111011001000
1111111111001110
1111110000111101
0000000001110010
0000001000000101
0000000000111001
0000000111110001
1111111010111010
0000000001000001
1111111101110010
1111101101111011
0000011010000011
0000000100010111
1111101000110111
0000001111010101
0000010010001010
0000010010100100
1111101101001000
0000010000010000
0000001001010011
0000001011000010
0000000011001011
0000010000000011
1111110011111000
1111110001011000
0000010101110010
1111110011110010
0000001101110110
1111111110010011
1111101001111000
1111101001011011
1111110110110110
1111110001101010
1111101010010000
0000010110010101
0000000001000000
1111111001111110
1111111011100111
1111111101101000
1111111000010011
0000001011100101
0000000000111111
0000010000100100
1111111100011100
1111110110011001
0000010011001010
0000010100100000
1111111001100101
1111100000011111
1111111100111101
1111111011110110
1111111100101111
0000000100000010
0000000011011011
1111110111000010
1111111010010111
0000100010101111
1111110100000101
1111110001101110
0000001100101001
1111101110101101
1111110101011100
0000001110011110
0000000011110101
0000001110011101
1111111100001001
0000000000011111
0000000001000011
0000001011001101
1111111101111100
1111110101100011
0000000110111101
1111111100000100
1111111111001010
1111110100000000
1111111100111011
0000000101110111
1111101101001111
0000000010010011
1111111111110010
1111100101101111
0000010010011000
1111111001011101
1111111011011101
1111111110011100
1111111001110000
0000001011010000
0000010101101001
1111011110101111
1111110101100000
0000001011101000
1111111001010001
0000000000101100
0000001111000100
0000001000001110
1111110001000011
1111100010111100
1111111001011110
0000001000111011
0000000000111101
1111101011011100
1111111111010000
0000000110000101
1111111010101110
1111111000110010
1111111001011110
0000001110100001
1111111111111100
1111110001000100
1111111110110000
1111101111010101
1111100101011101
0000010101110011
1111111110100110
1111101010001111
1111111011010000
0000001000010101
0000000001010101
0000000101111011
1111110100010101
1111111000011011
0000001100000111
1111111111011110