1111111001101011
0000001101110100
0000001111101010
1111110110001110
1111100111110010
1111011101100101
0000100001010100
0000000111001111
1111111000011000
1111111110010001
0000001011110001
0000010001010001
1111111100001001
0000000010111111
1111110111111010
1111111001100101
0000000001110111
0000001100001000
0000001011111011
1111111110000000
1111111001001110
0000001000011101
1111111000111101
0000110100101011
1111111000001110
1111101001010101
0000010011111000
0000010011011011
0000010001101110
1111111011100101
1111110110001110
1111101011101000
0000001110011111
0000000011000110
1111111001001001
0000001111000100
1111101111001011
1111110000000110
0000011010011101
1111111110111111
1111101111000001
1111110001001001
0000000010001111
1111101110010010
0000011100100001
0000101000011110
1111111111001001
1111111010101111
0000000010110011
0000010110111010
0000000011111011
0000111010101110
0000100011000010
0000000100110111
1111111001011010
0000000010101011
1111011101110001
1111111000000010
1111100011001010
0000010111001001
0000110001111000
1111110001100110
1111111000100000
1111110111000100
0000010010000100
1111101111100001
1111111111001010
1111110110100011
1111101111110011
1111101111100100
1111101110010010
1111111000001001
0000001000001110
1111110101000100
0000010001000001
0000000100010100
0000001010010000
1111111010010111
1111110100010100
1111101010000111
0000001001111100
0000010000100011
1111110011000000
1111111011000100
1111101111001101
1111111101010011
0000001011100111
0000001001101110
0000000001110111
1111111001111100
0000000010100010
0000001011110011
0000010101000010
1111111111101010
1111010011010100
0000000100010000
1111101101010010
0000011010101010
0000001010000000
1111110111100000
0000001011110001
1111111011011000
0000010011001011
0000000011000011
0000001101010111
1111110110011010
1111111110010000
1111110000011111
1111111010101010
0000010010011101
0000010111010111
1111111101010010
1111101100010100
0000001010101101
1111100000101111
1111100101111010
0000000101111100
0000001101000000
1111101110110011
0000000010010110
1111100010001100
1111110000010001
1111011110010110
0000001100111010
0000100001001010
0000000110011010
1111111010101111
0000001101110010
0000011111110111
0000010000000011
0000000100111010
0000010011100000
1111101111110111
1111111101001101
0000001001111001
0000000010101001
1111101111000111
0000000000100010
0000001011110000
1111110101010101
1111110100001010
0000010000010000
1111111100001010
0000010010001001
1111110100101111
0000000000001110
1111111011010011
1111101101100110
0000000000011111
1111110010110000
1111111101110001
1111101001010010
0000000111111011
1111110011101011
0000000000011110
0000010011001011
0000000110100110
0000000110110110
0000000011010011
1111101010101011
0000000010100101
1111101110111011
1111111000001011
0000000110101111
1111100001101001
0000000101101110
0000011011111101
0000000100100001
1111111010001000
1111100110000011
1111110101111010
1111111111001110
1111110111100111
0000000100100000
0000000111000111
1111110101000001
0000000101010010
0000100010010101
0000001101101110
1111101110011101
1111111111011101
1111111000110101
0000011111100110
0000101100111110
1111110100100101
1111011100010111
1111100001101010
1111011001111010
0000000001010100
0000001101011010
1111110011010010
0000000100001001
0000010011101110
0000001111111110
1111111101011111
0000001110011100
1111110000100000
1111111110011010
1111110100100110
0000000100111100
1111100001101010
0000000101001000
0000001110101010
0000000000111010
1111101110010100
0000001101101101
1111111000001010
0000011011000010
0000001010000001
1111110010001001
0000010100000100
1111111111101101
0000000000000010
0000010110001111
0000010011011101
1111100010100011
0000001011111011
0000001011111111
0000000101111001
0000101011010100
0000001000111111
0000000100111000
1111111110000110
1111011111010011
0000000001011000
1111111110000110
1111110101101101
1111101110111001
0000000000011010
0000001101111110
1111111101111111
0000100011000011
0000000110010101
0000010100000001
1111111100010111
0000000100011110
1111111101010011
0000000010100001
1111111101000110
1111111101011101
0000000110101001
0000010001011101
0000000100100010
1111110001110001
1111101110000001
1111011101111100
1111111000000111
0000010110101010
0000000100100010
1111110111100100
1111111010101001
0000000101000011
0000011111101110
0000000110001010
1111100110000000
0000000111000111
1111101001100101
1111110110111100
0000001101000001
0000010110001010
0000011000110001
0000000100100000
1111100011101111
1111110110011100
0000010000010001
0000000110101011
1111101100110010
0000000100000110
1111100100100010
0000010011101001
1111111110111010
0000011101001111
0000000001001001
1111011111110000
1111001011110111
1111110010000111
1111101101100101
0000001100011101
0000001111111001
1111111111110010
1111101110001000
1111110000111011
1111111001100111
0000100011010011
0000001110101010
1111110010011100
1111110110011001
1111110101101111
1111111101000101
1111111100111010
0000001111101010
1111100111001111
1111111110000101
1111101101001110
0000000001100110
0000010111001100
0000000001011001
1111110001100000
0000000100010001
1111110101101001
1111111101101010
0000001100010100
1111101001010101
0000000000101101
1111100111111000
1111111010100001
0000001101011101
1111111111111110
0000000101001000
1111111101011000
0000000110001011
0000011000101101
1111110111011110
1111100101000110
1111111011000101
1111110100100110
1111111010001101
0000001101010100
1111110010010100
0000000111000000
0000001100010010
0000010111100111
1111111001101000
1111110111000110
0000000110100011
0000001101010011
1111111010111000
1111111101101000
0000000111111011
1111100101001110
1111110001101001
1111111000001110
0000000101100001
1111110011101000
0000010000010011
1111110100011011
0000010100010011
0000001101100010
1111111010100101
1111101000101111
1111110110000111
1111101010101011
0000011100111110
0000000001010111
0000000101101110
1111011101111101
0000000111111100
0000010001011101
0000010100110011
0000001111001010
0000000001011011
1111110110011000
0000000110100000
0000000110110001
0000000100010110
1111100100111110
0000000101000111
0000011011010111
1111110110100111
0000000100001001
0000010000010010
1111101011111011
1111111010110010
0000001101110000
0000101110111001
0000000100111100
0000000111111101
1111110001101011
1111111001001111
0000001001010000
1111111100001001
0000001010110111
0000010100001100
1111111111000111
1111110110111110
0000010001011101
0000000100111101
1111010101100001
1111111001111100
1111100000011000
0000001001100111
1111100111110010
1111111000001011
1111110001101010
1111111000111000
0000001101111101
1111111110010011
1111100000111011
1111111110010101
0000000110101000
0000000111011100
0000000111010010
0000010011010011
1111101100110110
1111101011010111
1111111000011111
0000101101011000
1111111101010010
0000010111000011
1111100101110100
0000000000111101
0000010001100011
1111111100001011
1111111001101100
1111101111111100
1111101001000011
0000001010110000
0000101110110010
1111110101111000
1111001110010110
1111101001000110
0000001010110101
0000010111011000
0000000101010001
0000010101000001
1111011111100101
1111111100111001
0000000101001011
0000000011001111
1111101101110110
1111101110100010
1111111011000011
0000000001001001
0000000100001100
0000001111111111
0000100011011111
1111111110110011
0000011100110101
0000000100001001
1111110010011011
1111011001010000
0000000011110000
1111111001100000
0000001110111001
0000010100000101
0000011011101101
1111100100011011
1111101000110010
1111111110100111
0000001101101110
0000011010000001
1111110110101000
0000011010001010
0000001110110000
0000011100001100
1111111011101111
0000100110100100
1111101000100000
1111110110011011
0000000111010110
1111111011100000
0000001010010000
0000010101010001
1111111101101100
0000011101110110
1111110100001011
1111100101111101
1111101110000010
1111001110101000
0000000111110000
1111110110011100
0000001011010001
1111110111010111
0000011100011101
1111101000100100
0000001110110011
0000010010011001
0000100111101011
1111101011001101
0000000111011011
1111101111111001
0000011101101111
1111101100100100
1111111101000010
0000000100100110
1111101100011010
1111111111010101
0000000011100001
0000101010000111
1111110110111110
1111111111101010
0000010000100011
0000000001010011
1111111110111101
0000000110010110
1111111100000110
1111111110010001
1111110111101000
1111111111101011
1111111110011011
0000011110111111
0001000000000101
1111110111010100
1111010001011110
1111011111001010
0000010111100011
1111110010111100
1111101100011110
1111111011001000
0000000110000001
0000000000110000
1111111011011101
1111110010101010
1111111101001100
0000011000011111
0000011001101110
1111110101100000
0000000000100000
1111011110010010
0000001000011010
1111110010011001
1111111110110001
1111110111011101
0000001100011100
1111100000010101
1111011101010010
1111100100011001
0000011001110000
0000010100000111
1111111111001000
1111110011011111
1111110000000100
1111111101110100
0000001011010000
1111111111000001
1111111101110011
1111110101001000
0000001100101111
1111111101001100
1111111001100111
0000000101010001
0000000010110001
0000001001111001
1111111000010110
0000000111110111
1111111100111110
0000001010101010
0000000100111000
1111010001011011
0000000100100100
0000001010101001
1111111101011000
1111101011010010
0000010100110101
1111100100011001
1111110111001110
0000010011101111
1111110000010101
1111101111111111
0000100111011100
0000010011011000
1111001011010001
1111110101100001
1111110111111101
1111111100001111
0000010100010101
0000011001100000
0000000111010011
1111011001000010
1111110001110011
0000001001110110
0000000101001000
0000001100100000
1111110001111101
1111111011100010
0000010000011111
0000001101010010
1111100011000101
0000001100010010
0000010000010100
1111111101100010
0000010111111100
0000001111110011
0000011001010001
1111100000010101
0000011110011111
0000010011101101
0000011110110010
0000110101010010
0000000111000001
1111100111111101
1111110110111010
0000001100110100
1111111001101111
0000010011010000
0000000010100111
0000011010100000
1111100110001011
0000001101000110
0000001001010010
1111101010010110
0000010110010010
1111101001101011
0000010110010101
0000101000001111
1111101101110010
1111101010001101
1111111001101111
0000010111110101
0000011101111101
1111101001111111
0000000010011001
1111111011100110
0000000111110011
0000000111001001
1111111100000000
1111101001000011
0000001001011001
0000000001010111
1111011011011111
0000001001000111
0000110000100001
1111111000101101
0000000000010100
0000010000010000
1111110100011001
1111010010010111
0000101001011011
1111101101000110
0000000110100101
0000001001000010
1111111011101101
1111111111011111
1111100110100001
0000000101010100
0000010101100011
1111111011011000
1111111010101011
1110111001111011
1111110110111011
0000011100001100
1111110110101010
1111011011101000
0000001100001110
0000010100111011
0000000111001100
1111001011110111
1111110100011000
1111110110111101
0000001001100010
0000011010100000
1111100110110001
0000100100000000
0000010010100110
1111111001001111
1111100001100000
1111110100001011
1111111010001100
1111100011101001
1111110011000001
0000110001101000
1111101010011111
1111111111010100
0000010000111000
0000000111010101
0000000111011010
1111101001111110
1111100101100001
0000000011000100
0000011101010011
1111110110011111
1111101010000010
1111110101001001
0000001001000000
1111110110011011
0000011001100110
0000110000100010
1111101111010011
1111110110101000
0000000100111111
0000001110100101
0000000000011011
1111111111000101
1111011100000011
1111010010110001
0000001111000011
0000001001000011
0000000001001000
1111111100001001
0000001110110111
1111011111101001
1111101111101010
0000010111100101
1111100010100111
0000001101110001
1111001101000010
0000000111011010
0000000101010001
0000001100100001
0000000100100110
0000000001111100
0000010001100000
1111010110111010
1111110011110111
0000000111000000
0000010011111011
1111110000000110
0000000001101111
0000001011101010
1111111111101100
1111101010010111
1111011100101111
0000011010111011
0000000010001001
1111111111110101
1111100100001011
0000000100010010
0000101010010010
0000110101000101
1111110111111011
1111100110110110
0000010001001010
0000000011110111
1111110001110001
1111111110101011
0000011110110101
1111101000100011
1111101000101001
0000010101001001
0000010011001110
0000001100011001
1111100101101100
0000001110110011
1111111000101110
1111111111000101
1111110110000100
1111111110101001
0000000010011111
0000011001101011
0000000101011111
1111110111101011
1111111110000000
0000010111100001
1111111111100001
0000001001000001
1111111100000001
0000001110000000
1111101101111001
1111110011100111
0000000010001010
0000100111101000
1111110000000110
1111100001110000
0000000101010001
0000001001011010
1111110000110001
0000010011000110
0000011011111111
0000001011100001
1111101111110000
1111101110111111
0000000110010110
1111110001111110
0000010000000111
0000001111000110
1111111111111011
1111111100010001
0000001111001010
0000000010011010
0000000101000110
0000000111000100
1111110011100100
1111101000011010
1111110101001110
0000001100000110
1111101111110000
1111110001010110
1111110111000110
1111111101001000
1111110010101111
1111101110101001
0000001011100000
0000101000111100
0000001000111011
1111100011110001
0000001101000001
0000010100100101
0000001001111001
1111110100011110
0000100010111100
1111011111011110
1111111010001101
1111111010011001
0000001011110111
0000010010101100
1111110100010110
1111110101001000
1111110101111001
1111011100101000
1111111010111110
1111101010001100
1111110000110101
1111111111010000
0000010111010001
1111110100011110
0000101010001000
0000000001110110
1111111101001010
1111110100110111
1111101101110110
0000010100011011
0000001010100011
1111110000001010
1111110011011011
0000001101110001
0000001011001011
1111100001010001
0000001010000100
1111111001101100
1111101111000110
1111110101101100
0000010111110011
0000011111110011
0000001001001100
1111110100111111
1111101001000010
1111100011111110
0000000101000000
0000011110100110
0000011011101110
1111100111011010
0000100000011000
0000000010001110
1111101100011011
0000001001000010
1111111011000100
1111101100111011
1111110110110001
1111110001000010
0000001100110010
1111101100100011
0000011101011011
0000001101111011
0000000001011110
1111110011100010
1111110010001111
1111111001101011
0000010011101101
1111011110011101
0000001001000110
1111111011111100
0000001011000010
1111110000000100
1111111001011111
1111110011001011
0000000111101000
0000000010010101
1111011111001010
1111110111011110
0000011011110000
0000011111000101
0000000000110011
1111100101111111
0000000110100010
1111111100001110
0000000100000100
1111111011100100
0000010111111100
1111111010111100
0000010111010011
0000011000011011
1111111011110010
0000011001100001
1111101100000010
1111111111000110
0000010100101001
1111011010111100
1111101011011000
0000001000111100
0000011001001100
1111110001000010
1111111100111010
1111111001111110
1111110101110000
1111110100111111
1111111000101111
0000011011011010
0000011000100010
0000001101101001
1111011111101010
1111110001001100
0000011100101100
0000011001101110
0000010001001111
1111110010000011
0000000010000010
0000001001100100
0000000111101001
0000010111101100
0000001010101000
1111110100111110
1111111011011110
1111111111010101
1111111011010010
1111110101000010
1111101001100111
1111111101110110
1111111111101011
0000001001000010
1111111101000010
0000000101111111
0000101111101000
0000000000110000
0000001111110100
0000001000101111
0000001010010011
0000000111001100
0000000000001110
0000010011001100
1111110110000110
1111110110000100
1111111001101100
0000000010111000
0000001100011011
0000001111001100
1111110111000110
1111101010100100
0000001001000100
1111101100100000
0000001110001111
1111101110001011
1111110110010011
1111111010100100
1111110010010110
0000011000111110
1111110011110010
0000001110101111
1111111100011101
0000001001011110
0000001001110111
0000000100011011
1111101110011100
1111110001000100
0000000010100001
0000011100101111
1111110110100010
1111110111011111
1111101111110111
1111101101111001
0000001111101110
0000000111101101
0000000111100111
0000000110100000
1111110101001101
0000000110011011
0000000100100000
1111110000011111
0000001010100101
1111101000110101
1111101111110111
1111101111101001
0000001111000000
1111110000000000
0000100111101111
1111101011000110
1111110010010111
1111111010011000
0000000011110101
0000001111000011
1111111101110100
1111010110001000
1111111101001011
0000100100100001
0000001111110000
1111111010100111
1111101100011010
1111110010110001
0000010100010110
1111111011000001
0000000011000001
0000000111100110
1111111010010100
0000001001010110
1111101100011101
1111111101100110
1111110111100100
1111110011100100
1111101110001111
0000001001101110
1111111001110111
0000000000100110
0000000011000000
1111100000011100
1111111111110110
1111101111001101
0000001111111110
1111111111111100
1111111111011000
1111011000001110
1111101111010000
0000001101000111
0000001010011011
0000010011001001
1111110101000101
1111111111000001
0000000101000100
1111101101111011
1111101001101001
0000001111100100
0000010000010100
1111101110010001
1111111100000101
1111100011010000
0000010010011011
1111111011110001
1111110001110111
0000000000111101
1111110111010100
0000000011101011
0000001001110011
0000001101101000
0000011011111100
0000011000011111
1111111111000111
1111110000000010
0000001100111011
1111101000000111
0000101101101010
0000000100010101
1111111001011000
1111011010111110
0000001011101010
0000000111100001
0000011011010111