0000001101011010
0000000101011100
1111111010000110
0000010010100101
0000000000001110
0000001010101111
1111011111000011
1111100101110101
1111101001101100
0000001011111011
0000000111110101
0000001000011010
0000001000010011
1111111010001011
1111110011001001
0000010000111010
1111011011010111
0000100001011110
0000010110011001
0000010010000001
1111111010010110
1111100101111001
1111101110000011
0000001101110110
0000001100101111
1111100010010111
0000000101110110
1111111110100100
0000000100000110
0000001011010101
1111101011000011
1111100000001100
1111110010110110
1111111010101101
1111111010101111
0000010000100000
0000001100111101
0000000010001100
1111110110101100
0000000101001100
1111111101001000
0000011000110000
1111011010101010
1111111100101001
0000001000001100
1111110001110000
1111110110000000
0000000100100010
1111101101000100
1111100111101011
0000100111001100
0000000101101010
0000000111101110
0000011000111100
1111111110100100
0000000101011101
0000010000100011
1111110101100100
0000010001011101
1111110101101011
0000001001100110
0000001011101101
1111111010111011
0000001010111001
1111101101100111
0000001111110100
0000001110011100
1111100101000101
1111100011010101
1111110101001001
0000000001111001
1111110101111000
0000110110001001
1111111111001011
0000100000001000
1111101101001111
1111110111010011
1111111100011011
0000001001010011
0000001011111100
1111101110101110
0000000011100001
1111011100010111
1111101001110010
0000011111010110
0000001111011001
0000010010100111
0000000100001111
1111101110010010
0000010010011100
1111111111001000
0000000110000000
1111110011111100
1111110011000110
0000101000000111
0000010101101000
0000011000001111
1111101010010000
1111101010110010
1111101111100000
1111111001011000
1111110001001010
0000010010100011
1111100001101100
1111111100101001
1111111111000000
0000000111110010
0000011011110000
0000011001100000
1111101010100011
1111110001110100
0000001110011100
1111110111111010
0000011010011010
0000000111111111
0000000000100110
0000000001001100
1111110111001010
1111111100101101
1111011101001100
0000001001010111
0000010010100000
0000000100001110
0000100110000011
1111011001110011
1111000011000110
1111011101011111
1111110111110100
0000101000001110
1111101101011111
1111111010100100
1111100000001111
1111111111000101
1111111010011100
0000010011010010
0000010101101100
1111011110111110
0000010111110100
1111011100001100
0000000101111000
0000110111111110
1111101010100010
1111110100011001
1111100101100100
1111100110010111
1111110001010100
0000100011100111
0000000100011010
0000001111100000
1111101001110011
1111101011001001
0000000110100101
0000001110111111
0000001111011011
0000011011010101
0000000000111011
1111110101110110
1111111001111001
1111101010011111
1111101110010001
0000000111110001
1111111101101011
1111111101001011
0000000011000110
0000000001010100
0000001011110011
0000001110111101
0000000011010110
1111101110111100
1111110001011000
1111110000011001
1111111011001001
0000010110101000
0000011010001111
1111111010011111
0000001101010111
1111100110101000
0000001111111110
1111101110000011
1111110110110011
0000001010010101
1111111101110110
0000000110100110
1111110001101011
0000001100100001
1111101101100001
0000001110101000
0000001101110101
0000000001010100
1111111011001110
0000001110001011
1111101011100111
1111111111101110
1111110000111011
1111110110110011
0000001001111010
1111111101101111
0000001111000000
0000000000010000
1111110111101111
1111111110110110
1111111011011011
1111101111011011
0000000100110001
1111110111011011
1111111000111000
0000000001100110
0000010100101101
0000011010110000
0000001001111101
1111100010001110
1111101110100010
1111110111010001
1111111001000110
0000001101011110
0000000101110111
1111111111101111
0000001100110011
1111101111101101
0000001011010101
1111011001011010
1111110001001111
1111111101000110
1111110110100100
0000000110111111
0000001010000000
1111101010010011
1111100001001110
1111100100110111
1111101001110001
0000000100111101
0000011111100111
0000010100111100
0000010000111100
0000010110010000
1111011001110011
0000010010000000
1111100100010011
1111111111101001
0000001110011111
0000010100101000
1111111100001111
0000010001111100
1111111100100010
0000000001011111
0000000011010001
0000001010001111
1111111011110010
0000000110010111
0000000111000100
1111110110111100
0000010011011000
1111100111000101
1111111111010000
0000011011001100
1111110011001010
0000001111010010
0000010001111001
0000001011111010
0000000111000001
1111101011111000
1111010011110011
0000000111010111
1111110110111101
0000000001110001
1111111000001111
1111100110010000
1111101100001010
1111111111001100
0000000101101110
0000001111111111
0000010000011101
0000001010110000
1111111010011000
0000000110101001
0000011011001000
0000000010101100
1111111100000110
0000010010111010
1111101110101111
0000001111100000
1111110110000001
0000010001110011
1111101001001011
0000011000100001
1111110010000100
1111110111001001
0000001100111011
0000001010101000
0000000101100110
0000001110010000
0000010001000010
0000001001100011
0000010001001110
0000000000010100
1111100001110110
1111111101100001
1111111011111100
1111101100110000
1111110000100111
1111010011101111
1111111011101000
0000000110111000
0000001010111101
1111111001001111
1111111100000110
0000001011001011
0000001000111001
0000001100100111
1111110000011011
0000000101101101
0000000000001101
0000001000001101
1111101100001000
1111100010111100
0000010110010100
0000011011111110
0000011111011001
1111110100111011
1111011101011010
1111101010011110
0000010001011110
0000000000000101
1111111001100111
1111111001101100
1111110101111111
0000001000111111
0000011111100001
0000001001110101
0000001010100000
0000001001110110
1111100000010010
1111111011001111
1111101101010101
1111010100001100
1111110101110110
0000001001100110
0000000011010111
0000001101001010
0000110100100000
1111101101110111
1111111111100000
1111110000111100
1111110010110101
0000011101101001
0000100000101110
1111101010100011
1111110101100011
1111110101100110
1111110011001110
0000100001101110
0000000011011011
1111101001111001
1111101101001010
1111110011001101
1111100111000001
1111111011001111
1111110101010100
0000010000010101
0000011001011111
0000001000011011
0000001010010110
1111110010101111
0000001110000010
0000001001011111
1111011111011010
0000001111101001
1111011010000101
0000000110011011
0000001011000101
0000000000100000
0000011101100100
1111111010000011
1111101011001100
0000001111011101
1111011111000111
1111100110110110
0000011010111101
0000011011010110
1111100110010011
0000101010101110
1111100001101001
0000001100011011
0000110000000100
0000101011011000
0000000100001011
0000001011010001
1111111100000000
0000000011101100
1111011111110111
0000000100001010
1111011110101010
0000000110101101
0000000010100101
0000001101101101
0000010101111011
1111101111011011
1111110010000110
0000011001010110
0000001000111100
1111111111101100
0000001110111100
1111111100101010
1111101101101101
0000000110110011
1111011100011111
0000001001111100
1111100010001001
1111011111111010
0000000101000101
0000001110111001
0000100110011110
1111111111110110
1111110111111010
1111100011110000
0000001001000011
1111101010111101
0000010111110111
0000010111001010
0000010111100010
0000100110111010
1111111101001001
0000001000011111
1111110100111000
1111100010111000
0000001010110001
0000001000011111
1111011111100011
1111101001001101
0000011010100000
1111110000111101
0000011001000011
0000000100101000
1111111110010100
1111111101010110
1111111101001000
0000001111010000
0000010111111001
1111110011110111
1111101110100111
1111101000101101
1111100011011110
1111110011101010
0000001100111001
0000011011001010
0000000101011110
1111101000100011
0000001000000101
1111011001010100
1111110001010111
1111110111111100
0000001011100101
0000001110100110
0000000111110011
0000000000010110
0000001101101101
1111110111101100
0000011101110000
1111101010001011
0000000110010101
1111101100010110
1111110000000001
1111110110100100
0000000101000100
0000011100001101
1111110101100111
0000010000100001
0000010101111010
1111110001001111
1111111011110110
0000000000110101
1111110100101110
1111111000000010
0000000110111100
1111111001010101
1111101000000100
0000000111100010
0000001010111001
0000010111001111
0000001011011101
0000010011010101
1111110010000001
1111111011100111
0000000111101001
0000001010011110
0000000111110100
0000010001111000
1111111100000001
0000001111110010
0000000011000010
1111101010011001
0000001101101001
0000000001110110
1111010101111001
0000101110110110
1111111100001100
0000100001000111
1111100010100100
1111111011001001
1111101111000000
0000000110001110
1111100110010011
0000100000111000
0000010011100011
0000001010010001
0000010101110100
1111110001011100
1111110001101110
1111110010111000
1111101100000101
1111111101001010
1111010111100011
0000000010111110
0000001010011101
1111100010110011
1111111010110111
0000010001100011
1111111001011000
0000010011101010
1111110101111000
0000000101110111
1111111110011000
1111111100100010
1111111000011001
0000010110100100
0000010110100011
0000100101010100
0000010111010100
1111100101101011
1111110011100110
1111010111001011
1111110111100111
1111101011111100
1111111100100110
1111111011001000
1111111010101001
0000011010011111
1111111111010001
0000000000100100
0000001000100011
1111110001011010
1111111011110000
1111101011000101
1111111010000100
0000001010101001
0000010101000110
1111011111100011
1111111001100111
0000000110001000
1111010001111110
0000011011110110
1111111000010000
1111101001110000
0000011010000101
1111100101001111
1111110111111100
1111111001101011
1111110111010011
1111111100010010
0000111001110101
0000010000100110
0000101000101000
0000000110111000
1111100100100001
1111001111100111
1111111111101010
0000001111110000
1111101111011111
1111111100101011
0000000001011001
0000001001101101
1111111010101000
1111111001100100
1111101001110000
1111111010110001
0000011101100001
0000000101001001
0000000100011000
0000001111100010
0000000101000110
0000000011011011
0000010001100000
0000000011001110
1111111101011111
1111100110011001
0000100001000011
1111111100111010
1111111010010100
1111111001111001
1111011100100011
1111101101111011
1111101110010010
0000101001100001
0000000100101001
0000110111110010
1111111000111110
1111110001101001
1111110011000100
0000010000011001
0000001100010100
0000000101110000
0000000001100001
0000001000000100
1111111011000011
1111111011001100
1111100011001001
0000000000001010
1111100000001011
1111101000100111
0000010000010010
1111111100111010
1111100110101110
0000000101100001
1111111100001001
0000000100011100
1111101100100010
1111111000011100
1111101100011110
0000000000010010
0000000110001010
0000011011000110
0000100011010101
1111110111111000
1111111010010001
1111010101100110
1111111010101101
1111110110010001
0000110000000000
0000000111011000
0000010010111110
0000100000000001
1111100111111011
0000000111010111
0000000111000001
1111111101110001
0000010110110111
0000001001100010
0000001001001100
1111111000000110
1111110101001000
1111110100101001
1111111011101000
1111101001010010
1111101010100110
0000001010011001
0000000100001010
1111110011110111
0000001011100110
1111110010000110
1111111110000001
1111010010100010
1111101001101110
0000000101110100
0000001000101101
1111101110010110
0000101000000011
1111100010011110
0000000110111110
1111110011110010
0000000010100001
0000001001101001
0000000000100001
0000000111010110
0000001110111001
0000011011000101
0000000110001111
1111101101000111
1111101000000001
1111110011100010
0000001100100101
0000011001000001
0000000010111111
1111110010001101
0000001000000101
1111111111101011
0000010001011011
1111111100000001
0000010000000001
0000000010111000
0000001100101001
1111111001100111
1111111110011001
1111110010010011
1111110100000000
1111100100001011
1111101111001111
0000000110000100
0000100110011110
1111111000110111
1111110111111010
1111110010011010
1111110010110001
1111101101000101
0000001110100100
1111111111011100
1111111010100110
0000001010001000
0000001011100110
0000000001010011
1111111100011101
0000000111100010
0000010001010010
1111110101100000
0000011011111111
1111111000001010
0000100001010100
0000010100101100
0000001000100110
0000010011111010
1111011101101100
0000100010100111
0000000100100111
0000001000101001
1111111010101001
0000000001010111
1111110110010110
1111100111100010
1111101011111100
0000000100010000
0000000000100010
1111111101101100
0000000110001100
0000000110011011
1111111011001100
0000010011011111
1111100110111000
0000000011110000
0000011000001110
1111100100100101
1111101100001100
1111111011111101
1111101100101110
0000001110000001
1111101001101111
1111110110001011
1111110110101100
0000001010010011
1111111001011111
0000100000111111
1111100101110000
0000001011110000
0000001010111000
0000000100001001
0000100101001100
0000001110111111
1111110010000010
1111101111110100
0000000001010000
1111101110001101
1111011111000110
1111111011110000
0000000010110110
0000001110111010
0000010011011010
0000011101110011
1111010010011101
0000001011110010
0000011001010010
1111111010100100
0000011010011010
0000010011001010
1111110001001101
1111100010101111
1111101111100011
1111100101000110
1111110101111101
1111111011101011
1111100110110000
1111110110101111
1111100011110101
1111110011010100
0000100000100101
0000010101110111
0000010011001111
0000001101001001
1111110100111001
1111110101011101
0000010111101010
1111111101000011
1111101111011101
0000011101000110
1111110110100111
1111101111101110
1111111001001100
1111100001111100
0000000111011010
0000000110010101
0000000110000001
1111110111011111
1111101101000000
0000000110001010
0000001101101011
0000100101101011
0000100000111010
0000010010000011
1111110010001000
1111101110000100
0000010100101011
1111110110010001
0000011000010100
1111101101001010
0000001000000011
1111101111011111
0000000010011000
0000010001011101
1111111100001111
0000001111100100
1111111001011000
1111110101110100
0000001000001000
0000010111011001
1111111000000110
0000010111000101
1111111101011111
0000001010100110
0000000011011000
1111011101111111
1111110000100010
0000000110010101
1111110111001110
1111111000001111
0000001110000111
1111010100100001
0000111000111110
1111110111001000
1111111010111100
0000010111000010
1111110011101010
0000000001100000
0000000111111000
0000010001011011
0000010000111001
1111110111011101
0000000110011111
1111111110010010
1111101111100011
1111110110010110
0000010001111101
1111000010110100
0000010001010100
0000000111100111
0000000001100011
0000010001011101
1111111010110000
0000011100101000
0000000100001010
0000000111011011
0000001111100110
1111011011101000
0000001000101000
0000011110111110
1111111010110011
1111110110001010
1111111111001010
1111100010001010
0000000100111101
0000001111010011
1111100101100100
0000000011100101
0000001001110111
1111101110101001
1111110101001100
0000001011111110
1111100101000111
1111111100010110
1111111101001110
1111110111000110
0000001110000100
1111101111100101
1111110001000100
0000000001001101
1111110011000110
1111101110100100
0000001100100001
0000001000001000
0000000010101100
1111111011001001
0000000001110010
0000000010111011
0000001011100010
0000000101011000
0000000010100010
1111110010000100
1111110101001000
1111110101110111
0000001010100000
1111111110010011
1111111110011000
0000010001111000
1111011101001110
0000010001110010
1111100110000000
1111110011110000
1111111111000001
1111110010110000
0000000101110111
1111111001101001
1111110010010010
0000001000100111
0000001001110100
0000010000101100
1111110110110110
1111101010110101
1111100111011011
0000001010010010
1111111000111100
1111101000110101
1111111111010010
1111101111010001
0000010010011011
0000010010111101
0000011100100000
0000001010100001
1111101110101010
1111110000000100
1111110001111011
1111110101110011
0000011111010001
1111111111001011
0000001011100101
0000000001001111
1111100110011100
0000001100111010
0000000111010100
1111100010011100
0000001110010110
1111101111011111
0000001001110011
0000010001010110
0000000111011010
1111101100101101
1111011110001001
0000000000100101
0000100101000000
1111100100000011
0000001111101000
1111110110100000
1111101001000111
0000000101010001
1111010110010000
1111111111110000
1111111110000110
0000001100101001
0000100010011010
0000010100101010
0000000100100010
1111111110111010
1111110101100111
0000011111010101
1111110011111001
0000000000110011
1111011101101010
0000001010000000
0000001010111001
0000000010100000
0000000011101100
0000000100101001
1111101111011100
0000100111000010
1111101010001011
0000001110001100
0000011011001011
1111110111010101
0000001100110110
1111111100000010
0000000111110100
0000001110011010
1111111001100010
1111111111111000
0000000000000110
0000001100000011
1111101111001011
0000001001110001
1111101010000010
1111111110011101
1111110111010101
1111110101010110
1111101001101101
0000001000101000
0000010100100010
0000001010010000
0000001110001000
1111110101001001
0000000111111110
0000000000010101
0000000001011001
1111111001001111
1111101000110100
1111111100110001
0000001110110100
1111111110010000
0000011100000010
1111011101011011
0000001000101010
0000011111110100
0000000111001101
0000001101110001
1111100101101111
1111111010011001
1111100101010111
0000010000101001
0000000110110010
1111110100010010
0000010111101100
0000001110001101
0000001011010001
1111111011110000
1111110010101101
1111110001101101
0000000100010110
1111110000011101
0000001101110111
1111110111001101
1111111110110100
0000001110110110
0000010011011101
0000000101110111
0000000101100100
1111101101101110
1111110001011100
1111001101011100
0000000100000011
0000000011000110
0000010101111010